7. 지역별 생산 및 수출입실적 현황

(1) 지역별 생산실적 현황
                                                                                                                          (단위 : 개소, 명, 천원, %)
                                    2016년                                                       2017년
   지역    업체수                                                          업체수                                                            증감(%)
                  비율(%)    인원(명)    비율(%)    생산액(천원)         비율(%)            비율(%)    인원(명)    비율(%)     생산액(천원)           비율(%)
          (개소)                                                        (개소)

   서울      668     22.70    8,364    16.01    673,424,513     12.02    753     22.94    9,188     15.95    674,361,736       11.58      0.14

   인천      123      4.18    1,457     2.79     75,255,551      1.34    143      4.36    1,522      2.64     79,911,599        1.37      6.19

 경기북부      200      6.80    2,722     5.21    234,354,063      4.18    238      7.25    3,144      5.46    252,739,236        4.34      7.85

 경기남부      932     31.67   17,869    34.20   1,858,521,640    33.17   1,034    31.50   19,729     34.25   1,931,091,708      33.16      3.90

   강원      137      4.66    4,716     9.03    609,815,551     10.88    154      4.69    5,015      8.71    661,221,601       11.36      8.43

   대전      110      3.74    2,300     4.40    195,433,473      3.49    123      3.75    2,886      5.01    220,747,131        3.79     12.95

   충북      114      3.87    3,332     6.38    335,732,935      5.99    124      3.78    3,430      5.96    335,492,948        5.76     -0.07

   충남       87      2.96    2,430     4.65    216,768,774      3.87     98      2.99    3,016      5.24    209,666,195        3.60     -3.28

   세종        4      0.14      69      0.13        370,898      0.01      7      0.21      82       0.14        867,872        0.01   133.99

   대구      159      5.40    2,262     4.33    160,399,540      2.86    174      5.30    2,337      4.06    180,681,209        3.10     12.64

   경북       60      2.04    1,942     3.72    264,875,909      4.73     73      2.22    2,062      3.58    244,417,133        4.20     -7.72

   부산      131      4.45    1,822     3.49    753,492,708     13.45    126      3.84    1,897      3.29    799,613,903       13.73      6.12

   울산        9      0.31      75      0.14      4,217,069      0.08     10      0.30     102       0.18      6,638,787        0.11     57.43

   경남       64      2.17     945      1.81     80,767,292      1.44     72      2.19    1,091      1.89     71,289,867        1.22    -11.73

   광주       80      2.72    1,143     2.19     77,863,749      1.39     86      2.62    1,206      2.09     94,811,237        1.63     21.77

   전북       40      1.36     534      1.02     45,905,710      0.82     43      1.31     576       1.00     40,470,654        0.69    -11.84

   전남       20      0.68     190      0.36     13,340,066      0.24     20      0.61     218       0.38     17,204,941        0.30     28.97

   제주        5      0.17      81      0.16      2,524,401      0.05      5      0.15      94       0.16      1,926,901        0.03    -23.67

   합계     2,943   100.00   52,253   100.00   5,603,063,842   100.00   3,283   100.00   57,595    100.00   5,823,154,658     100.00      3.93
(2) 지역별 수출실적 현황
                                                                                                                           (단위 : 개소, 명, USD, %)
                                    2016년                                                         2017년
   지역    업체수                                                             업체수                                                           증감(%)
                  비율(%)    인원(명)    비율(%)       수출액(USD)        비율(%)           비율(%)    인원(명)    비율(%)    수출액(USD)          비율(%)
          (개소)                                                           (개소)

   서울      182     20.54    3,652   13.02        279,077,573      9.56    183    19.66    3,866    13.29    295,165,033         9.33     5.76

   인천       30      3.39     544     1.94         31,708,451      1.09     31     3.33     593      2.04     33,731,855         1.07     6.38

 경기북부       54      6.09    1,476    5.26         95,010,942      3.26     57     6.12    1,694     5.82     98,648,753         3.12     3.83

 경기남부      299     33.75    9,662   34.45       1,235,037,605    42.32    325    34.91   10,118    34.77   1,392,341,921      44.00     12.74

   강원       59      6.66    3,347   11.93        434,914,060     14.90     65     6.98    2,518     8.65    461,397,223       14.58      6.09

   대전       38      4.29    1,061    3.78         76,017,311      2.60     44     4.73    1,592     5.47     82,030,488         2.59     7.91

   충북       36      4.06    1,730    6.17        132,750,229      4.55     36     3.87    1,862     6.40    147,251,096         4.65    10.92

   충남       34      3.84    1,757    6.26        160,311,286      5.49     32     3.44    1,633     5.61    172,500,633         5.45     7.60

   세종        -         -        -           -               -        -      1     0.11      11      0.04         94,989         0.00         -

   대구       43      4.85    1,220    4.35         67,244,926      2.30     44     4.73    1,338     4.60     74,858,139         2.37    11.32

   경북       15      1.69     930     3.32        185,438,284      6.35     17     1.83     929      3.19    154,515,351         4.88   -16.68

   부산       30      3.39    1,128    4.02         95,177,458      3.26     28     3.01    1,226     4.21    115,551,393         3.65    21.41

   울산        3      0.34      49     0.17          2,312,204      0.08      3     0.32      55      0.19      2,723,317         0.09    17.78

   경남       22      2.48     473     1.69         33,223,095      1.14     20     2.15     366      1.26     40,785,053         1.29    22.76

   광주       18      2.03     606     2.16         39,115,340      1.34     23     2.47     752      2.58     31,402,534         0.99   -19.72

   전북       15      1.69     310     1.11         43,659,899      1.50     16     1.72     393      1.35     53,339,104         1.69    22.17

   전남        8      0.90     104     0.37          7,524,664      0.26      5     0.54      71      0.24      7,847,438         0.25     4.29

   제주        -         -        -           -               -        -      1     0.11      82      0.28         26,000         0.00         -

   합계      886    100.00   28,049   100.00      2,918,523,327   100.00    931   100.00   29,099   100.00   3,164,210,320     100.00      8.42
(3) 지역별 수입실적 현황
                                                                                                                            (단위 : 개소, 명, USD, %)
                                    2016년                                                       2017년
   지역    업체수                                                          업체수                                                               증감(%)
                  비율(%)    인원(명)    비율(%)    수입액(USD)        비율(%)            비율(%)    인원(명)    비율(%)       수입액(USD)          비율(%)
          (개소)                                                        (개소)

   서울     1,246    59.96   16,059    62.65   2,813,373,907    89.27   1,311    58.09   18,200     59.38     3,146,839,150      90.02      11.85

   인천       36      1.73     225      0.88      8,282,653      0.26     43      1.91     345       1.13        7,718,954         0.22     -6.81

 경기북부      119      5.73    1,599     6.24     22,891,196      0.73    148      6.56    1,973      6.44       26,679,489         0.76     16.55

 경기남부      363     17.47    3,899    15.21    152,472,076      4.84    423     18.74    5,106     16.66      164,734,159         4.71      8.04

   강원       30      1.44     687      2.68      5,588,030      0.18     37      1.64     745       2.43        5,506,991         0.16     -1.45

   대전       46      2.21     446      1.74     21,829,355      0.69     48      2.13     603       1.97       22,536,470         0.64      3.24

   충북       29      1.40     741      2.89     37,399,101      1.19     31      1.37    1,365      4.45       28,995,791         0.83    -22.47

   충남       14      0.67     324      1.26     11,471,443      0.36     16      0.71     491       1.60       15,292,147         0.44     33.31

   세종        2      0.10      11      0.04          1,328      0.00      2      0.09      11       0.04           13,243         0.00   897.21

   대구       61      2.94     587      2.29      8,891,667      0.28     55      2.44     630       2.06        6,571,146         0.19    -26.10

   경북       13      0.63     145      0.57      8,444,091      0.27     15      0.66     148       0.48        7,796,103         0.22     -7.67

   부산       65      3.13     379      1.48     26,432,899      0.84     67      2.97     391       1.28       22,395,028         0.64    -15.28

   울산        2      0.10      15      0.06         42,192      0.00      2      0.09      22       0.07                 -           -   -100.00

   경남       13      0.63     192      0.75     15,746,474      0.50     14      0.62     227       0.74       17,779,792         0.51     12.91

   광주       24      1.15     120      0.47      3,181,017      0.10     28      1.24     152       0.50        6,433,237         0.18   102.24

   전북       13      0.63     191      0.75     15,262,253      0.48     14      0.62     229       0.75       16,187,200         0.46      6.06

   전남        2      0.10      12      0.05         56,976      0.00      3      0.13      12       0.04           47,589         0.00    -16.48

   제주         -        -        -        -               -        -       -        -        -           -               -           -         -

   합계     2,078   100.00   25,632   100.00   3,151,366,658   100.00   2,257   100.00   30,650    100.00     3,495,526,489     100.00      10.92