7. 지역별 생산 및 수출입실적 현황
7-1. 의료기기 전체(체외진단 의료기기 포함)
(1) 지역별 생산실적 현황
                                                                                                                                    (단위 : 개소, 명, 천원, %)
                                       2022년                                                             2023년
   지역     업체수                                                              업체수                                                                증감(%)
                     비율(%)    인원(명)     비율(%)     생산액(천원)         비율(%)               비율(%)     인원(명)    비율(%)     생산액(천원)          비율(%)
          (개소)                                                             (개소)

   서울       923       22.10   15,121     16.93    1,811,735,918    11.51     917        21.71   16,200     18.10    1,313,628,409    11.61      -27.49

   인천       183        4.38    2,220      2.49     139,671,029      0.89     184         4.36    2,249      2.51     155,420,246       1.37      11.28

 경기북부       308        7.38    4,159      4.66     391,339,695      2.49     315         7.46    4,166      4.66     408,164,047       3.61       4.30

 경기남부      1406       33.67   32,410     36.28    4,540,783,149    28.85    1,451       34.36   31,604     35.32    3,175,438,930    28.06      -30.07

   강원       180        4.31    7,138      7.99     977,909,661      6.21     182         4.31    6,737      7.53    1,012,188,019      8.95       3.51

   대전       160        3.83    3,882      4.35     336,775,656      2.14     157         3.72    4,042      4.52     441,623,299       3.90      31.13

   충북       155        3.71    6,659      7.45    3,434,497,699    21.82     151         3.58    6,410      7.16     803,182,158       7.10     -76.61

   충남       117        2.80    3,764      4.21     502,313,809      3.19     117         2.77    3,757      4.20     355,934,402       3.15     -29.14

   세종        22        0.53     849       0.95     139,497,639      0.89      23         0.54     773       0.86        7,260,877      0.06     -94.79

   대구       186        4.45    3,727      4.17     530,382,723      3.37     187         4.43    3,804      4.25     602,676,189       5.33      13.63

   경북        88        2.11    2,103      2.35     323,878,486      2.06      94         2.23    2,457      2.75     347,485,687       3.07       7.29

   부산       160        3.83    2,877      3.22    2,241,634,544    14.24     155         3.67    2,856      3.19    2,325,804,548    20.56        3.75

   울산        18        0.43     186       0.21      10,094,167      0.06      16         0.38     156       0.17        8,543,161      0.08     -15.37

   경남        91        2.18    1,366      1.53      86,596,798      0.55      97         2.30    1,311      1.47      85,461,075       0.76      -1.31

   광주        89        2.13    1,354      1.52     137,648,470      0.87      90         2.13    1,449      1.62     155,816,662       1.38      13.20

   전북        51        1.22     880       0.99      79,295,893      0.50      48         1.14     827       0.92      64,213,461       0.57     -19.02

   전남        31        0.74     458       0.51      42,238,109      0.27      32         0.76     504       0.56      33,310,600       0.29     -21.14

   제주            8     0.19     180       0.20      11,148,746      0.07          7      0.17     185       0.21      18,599,497       0.16      66.83

  합계       4,176     100.00   89,333    100.00   15,737,442,191   100.00    4,223     100.00    89,487    100.00   11,314,751,267   100.00      -28.10
(2) 지역별 수출실적 현황
                                                                                                                                  (단위 : 개소, 명, USD, %)
                                       2022년                                                            2023년
   지역     업체수                                                             업체수                                                               증감(%)
                     비율(%)    인원(명)     비율(%)    수출액(USD)        비율(%)               비율(%)     인원(명)    비율(%)     수출액(USD)        비율(%)
          (개소)                                                            (개소)

   서울       211       19.15    6,661     13.88    903,117,606     11.47     203        18.69    7,044     14.75    733,246,928     14.15      -18.81

   인천        37        3.36     917       1.91     37,620,626      0.48      37         3.41    1,049      2.20     43,815,913       0.85      16.47

 경기북부        59        5.35    1,897      3.95    182,156,505      2.31      52         4.79    1,813      3.80    195,147,391       3.76       7.13

 경기남부       403       36.57   16,506     34.40   2,526,259,265    32.08     417        38.40   16,336     34.21   1,948,214,007    37.58      -22.88

   강원        67        6.08    4,548      9.48    786,878,991      9.99      64         5.89    4,571      9.57    694,126,302     13.39      -11.79

   대전        50        4.54    2,339      4.87    147,499,338      1.87      52         4.79    2,316      4.85    122,335,229       2.36     -17.06

   충북        44        3.99    4,184      8.72   2,055,290,586    26.10      40         3.68    3,953      8.28    338,186,712       6.52     -83.55

   충남        42        3.81    3,009      6.27    260,355,238      3.31      42         3.87    2,905      6.08    161,250,222       3.11     -38.07

   세종            3     0.27     105       0.22     35,389,389      0.45          2      0.18      11       0.02         40,160       0.00     -99.89

   대구        50        4.54    2,580      5.38    226,367,969      2.87      53         4.88    2,759      5.78    235,688,836       4.55       4.12

   경북        22        2.00    1,376      2.87    224,314,420      2.85      21         1.93    1,404      2.94    224,788,111       4.34       0.21

   부산        32        2.90    1,535      3.20    338,578,073      4.30      30         2.76    1,485      3.11    355,436,718       6.86       4.98

   울산            3     0.27      69       0.14      2,322,450      0.03          1      0.09      21       0.04      1,123,279       0.02     -51.63

   경남        24        2.18     336       0.70     38,741,954      0.49      22         2.03     349       0.73     36,269,138       0.70      -6.38

   광주        31        2.81     944       1.97     48,446,264      0.62      28         2.58     959       2.01     48,904,302       0.94       0.95

   전북        13        1.18     612       1.28     48,738,993      0.62      12         1.10     377       0.79     34,496,634       0.67     -29.22

   전남        10        0.91     210       0.44     13,239,968      0.17          9      0.83     227       0.48     10,703,728       0.21     -19.16

   제주            1     0.09     159       0.33          8,695      0.00          1      0.09     169       0.35          4,537       0.00     -47.82

   합계      1,102     100.00   47,987    100.00   7,875,326,330   100.00    1,086     100.00    47,748      100    5,183,778,147   100.00      -34.18
(3) 지역별 수입실적 현황
                                                                                                                                  (단위 : 개소, 명, USD, %)
                                       2022년                                                            2023년
   지역     업체수                                                             업체수                                                               증감(%)
                     비율(%)    인원(명)     비율(%)    수입액(USD)        비율(%)               비율(%)     인원(명)    비율(%)     수입액(USD)        비율(%)
          (개소)                                                            (개소)

   서울      1,521      50.51   28,278     50.06   4,245,351,838    86.85    1,497       50.52   27,776     50.10   4,204,959,281    88.83       -0.95

   인천        90        2.99     675       1.19     14,334,668      0.29      86         2.90     703       1.27     21,189,232       0.45      47.82

 경기북부       225        7.47    2,680      4.74     57,787,873      1.18     227         7.66    2,542      4.59     56,371,830       1.19      -2.45

 경기남부       691       22.95   11,400     20.18    276,114,012      5.65     710        23.96   11,338     20.45    285,703,730       6.04       3.47

   강원        50        1.66    2,595      4.59      8,163,502      0.17      49         1.65    3,050      5.50      9,767,881       0.21      19.65

   대전        72        2.39    1,112      1.97     12,324,715      0.25      58         1.96    1,019      1.84     10,014,644       0.21     -18.74

   충북        45        1.49    5,077      8.99    148,336,901      3.03      42         1.42    5,005      9.03     29,809,545       0.63     -79.90

   충남        32        1.06    1,282      2.27     20,989,486      0.43      34         1.15    1,020      1.84     22,236,660       0.47       5.94

   세종            8     0.27     125       0.22        484,127      0.01          7      0.24      50       0.09        107,795       0.00     -77.73

   대구        77        2.56    1,132      2.00     10,349,885      0.21      66         2.23     945       1.70      7,761,025       0.16     -25.01

   경북        25        0.83     462       0.82     33,023,533      0.68      22         0.74     207       0.37     32,095,294       0.68      -2.81

   부산        91        3.02     832       1.47     23,285,409      0.48      85         2.87     793       1.43     23,730,091       0.50       1.91

   울산            5     0.17      43       0.08      7,679,631      0.16          3      0.10      36       0.06         18,963       0.00     -99.75

   경남        32        1.06     332       0.59     16,458,127      0.34      33         1.11     298       0.54     15,009,487       0.32      -8.80

   광주        30        1.00     192       0.34      4,304,513      0.09      28         0.94     180       0.32      5,780,491       0.12      34.29

   전북        14        0.46     188       0.33      9,155,123      0.19      13         0.44     381       0.69      9,123,191       0.19      -0.35

   전남            3     0.10      88       0.16         13,600      0.00          3      0.10      95       0.17         22,839       0.00      67.93

   제주            -     0.00        -      0.00               -     0.00          -      0.00        -      0.00               -      0.00           -

   합계      3,011     100.00   56,493    100.00   4,888,156,943   100.00    2,963     100.00    55,438    100.00   4,733,701,979   100.00       -3.16
7-2. 체외진단 의료기기
(1) 지역별 생산실적 현황
                                                                                                                                   (단위 : 개소, 명, 천원, %)
                                       2022년                                                             2023년
   지역     업체수                                                              업체수                                                               증감(%)
                     비율(%)    인원(명)     비율(%)     생산액(천원)         비율(%)               비율(%)     인원(명)    비율(%)     생산액(천원)         비율(%)
          (개소)                                                             (개소)
   서울       105       23.76    3,170     19.88     933,876,792     15.46     112        23.98    3,219     22.40    339,357,659     28.65      -63.66

   인천        13        2.94     477        2.99     14,332,668      0.24      15         3.21     404       2.81     17,808,879       1.50      24.25

 경기북부        18        4.07     241        1.51     16,363,245      0.27      18         3.85     223       1.55     19,232,229       1.62      17.53

 경기남부       179       40.50    7,311     45.86    1,778,000,097    29.43     193        41.33    6,446     44.86    352,956,520     29.80      -80.15

   강원        21        4.75    1,442       9.05    143,279,104      2.37      21         4.50    1,069      7.44    127,997,563     10.81      -10.67

   대전        29        6.56     949        5.95     53,884,454      0.89      31         6.64     980       6.82     20,567,872       1.74     -61.83

   충북        23        5.20    1,405       8.81   2,974,770,156    49.23      21         4.50    1,091      7.59    273,198,066     23.07      -90.82

   충남        11        2.49     298        1.87     70,707,848      1.17      14         3.00     319       2.22     13,054,345       1.10     -81.54

   세종            3     0.68      47        0.29        318,535      0.01          3      0.64      43       0.30        164,442       0.01     -48.38

   대구            8     1.81     116        0.73         50,008      0.00          6      1.28      98       0.68        129,990       0.01     159.94

   경북            8     1.81     133        0.83      2,239,846      0.04          9      1.93     123       0.86        516,449       0.04     -76.94

   부산            5     1.13      32        0.20        667,248      0.01          5      1.07      33       0.23        904,497       0.08      35.56

   울산            2     0.45      20        0.13        185,000      0.00          2      0.43      14       0.10         74,880       0.01     -59.52

   경남            3     0.68      51        0.32     10,028,643      0.17          4      0.86      60       0.42      9,682,867       0.82      -3.45

   광주            3     0.68      21        0.13        123,735      0.00          3      0.64      24       0.17        237,704       0.02      92.11

   전북            4     0.90     110        0.69     34,762,458      0.58          3      0.64      94       0.65      7,447,924       0.63     -78.57

   전남            6     1.36     112        0.70      8,258,504      0.14          6      1.28     121       0.84        959,147       0.08     -88.39

   제주            1     0.23       7        0.04        493,758      0.01          1      0.21       7       0.05         22,000       0.00           -

   합계       442      100.00   15,942    100.00    6,042,342,099   100.00     467      100.00    14,368    100.00   1,184,313,033   100.00      -80.40



(2) 지역별 수출실적 현황
                                                                                                                                   (단위 : 개소, 명, USD, %)
                                       2022년                                                             2023년
   지역     업체수                                                              업체수                                                               증감(%)
                     비율(%)    인원(명)     비율(%)     수출액(USD)        비율(%)               비율(%)     인원(명)    비율(%)     수출액(USD)        비율(%)
          (개소)                                                             (개소)
   서울        27       20.77    2,172      23.69    370,443,212     10.48      24        21.24    2,019     26.79    162,822,169     18.92      -56.05

   인천            4     3.08     258        2.81      9,355,000      0.26          3      2.65     238       3.16     10,963,373       1.27      17.19

 경기북부            3     2.31      70        0.76      1,088,304      0.03          3      2.65      64       0.85      2,251,510       0.26     106.88

 경기남부        54       41.54    3,700      40.36    820,967,061     23.22      48        42.48    2,785     36.96    349,657,612     40.64      -57.41

   강원            7     5.38     962       10.49    290,561,713      8.22          5      4.42     801      10.63    154,193,075     17.92      -46.93

   대전        14       10.77     684        7.46     39,902,604      1.13      13        11.50     444       5.89      7,558,671       0.88     -81.06

   충북            7     5.38     931       10.16   1,884,092,652    53.28          7      6.19     911      12.09    158,274,362     18.40      -91.60

   충남            3     2.31     147        1.60     92,150,300      2.61          3      2.65     125       1.66      3,203,567       0.37     -96.52

   세종            -     0.00        -       -                  -     0.00          -      0.00        -      0.00               -      0.00           -

   대구            1     0.77      17        0.19         24,630      0.00          1      0.88       6       0.08         12,900       0.00     -47.62

   경북            3     2.31      56        0.61      2,018,896      0.06          1      0.88       3       0.04         34,911       0.00     -98.27

   부산            -     0.00        -       -                  -     0.00          -      0.00        -      0.00               -      0.00           -

   울산            1     0.77      11        0.12          1,200      0.00          -      0.00        -      0.00               -      0.00    -100.00

   경남            2     1.54      37        0.40      4,960,028      0.14          2      1.77      37       0.49      5,969,470       0.69      20.35

   광주            1     0.77       7        0.08        101,130      0.00          1      0.88       9       0.12        104,250       0.01       3.09

   전북            2     1.54     104        1.13     16,988,884      0.48          1      0.88      86       1.14      5,094,173       0.59     -70.01

   전남            1     0.77      11        0.12      3,545,173      0.10          1      0.88       8       0.11        239,200       0.03     -93.25

   제주            -     0.00        -       -                  -     0.00          -      0.00        -      0.00               -      0.00           -

   합계       130      100.00    9,167    100.00    3,536,200,787   100.00     113      100.00     7,536    100.00    860,379,243    100.00      -75.67
(3) 지역별 수입실적 현황
                                                                                                                                (단위 : 개소, 명, USD, %)
                                       2022년                                                           2023년
   지역     업체수                                                            업체수                                                              증감(%)
                     비율(%)    인원(명)     비율(%)    수입액(USD)       비율(%)               비율(%)     인원(명)    비율(%)     수입액(USD)       비율(%)
          (개소)                                                           (개소)
   서울       212       59.72    6,668     62.84   728,993,696     92.95     209        57.10    6,516     62.61    696,068,528    91.70       -4.52

   인천            4     1.13      21       0.20      566,045       0.07          5      1.37      35       0.34       675,403       0.09      19.32

 경기북부        16        4.51     140       1.32     2,434,444      0.31      17         4.64     144       1.38      2,554,010      0.34       4.91

 경기남부        92       25.92    1,755     16.54    46,805,847      5.97     103        28.14    1,794     17.24     55,594,274      7.32      18.78

   강원            3     0.85     337       3.18              -     0.00          3      0.82     296       2.84              -      0.00           -

   대전            9     2.54     223       2.10     2,353,178      0.30          8      2.19     181       1.74       435,608       0.06     -81.49

   충북            7     1.97     802       7.56     2,996,057      0.38          6      1.64     803       7.72      3,429,765      0.45      14.48

   충남            2     0.56     578       5.45              -     0.00          2      0.55     579       5.56              -      0.00           -

   세종            1     0.28      30       0.28              -     0.00          1      0.27       4       0.04              -      0.00           -

   대구            4     1.13      22       0.21      142,487       0.02          4      1.09      20       0.19       243,006       0.03      70.55

   경북            -     0.00        -      0.00              -     0.00          -      0.00        -      0.00              -      0.00           -

   부산            1     0.28       7       0.07         8,444      0.00          1      0.27       7       0.07        12,450       0.00           -

   울산            -     0.00        -      0.00              -     0.00          -      0.00        -      0.00              -      0.00           -

   경남            2     0.56      23       0.22              1     0.00          2      0.55      20       0.19           440       0.00 43,900.00

   광주            1     0.28       2       0.02              -     0.00          4      1.09       7       0.07        32,953       0.00           -

   전북            1     0.28       3       0.03              -     0.00          1      0.27       1       0.01              -      0.00           -

   전남            -     0.00        -      0.00              -     0.00          -      0.00        -      0.00              -      0.00           -

   제주            -     0.00        -      0.00              -     0.00          -      0.00        -      0.00              -      0.00           -

   합계       355      100.00   10,611    100.00   784,300,199    100.00     366      100.00    10,407    100.00    759,046,437   100.00       -3.22