7. 지역별 생산 및 수출입실적 현황
7-1. 의료기기 전체(체외진단 의료기기 포함)
(1) 지역별 생산실적 현황
                                                                                                                                    (단위 : 개소, 명, 천원, %)
                                       2021년                                                             2022년
   지역     업체수                                                               업체수                                                               증감(%)
                     비율(%)    인원(명)     비율(%)      생산액(천원)         비율(%)               비율(%)    인원(명)    비율(%)      생산액(천원)         비율(%)
          (개소)                                                              (개소)

   서울       921       22.55   14,627      17.23    1,991,117,004    15.46     923       22.10   15,121     16.93    1,811,735,918    11.51       -9.01

   인천       180        4.41    1,895       2.23     121,168,680      0.94     183        4.38    2,220      2.49     139,671,029      0.89       15.27

 경기북부       295        7.22    3,921       4.62     365,128,777      2.83     308        7.38    4,159      4.66     391,339,695      2.49        7.18

 경기남부      1371       33.56   31,096      36.62    3,899,107,792    30.27    1,406      33.67   32,410     36.28    4,540,783,149    28.85       16.46

   강원       174        4.26    6,448       7.59     765,467,716      5.94     180        4.31    7,138      7.99     977,909,661      6.21       27.75

   대전       147        3.60    3,687       4.34     373,243,117      2.90     160        3.83    3,882      4.35     336,775,656      2.14       -9.77

   충북       153        3.75    5,781       6.81    1,890,416,831    14.67     155        3.71    6,659      7.45    3,434,497,699    21.82       81.68

   충남       114        2.79    3,939       4.64     455,654,428      3.54     117        2.80    3,764      4.21     502,313,809      3.19       10.24

   세종        19        0.47     745        0.88      59,769,920      0.46      22        0.53     849       0.95     139,497,639      0.89     133.39

   대구       190        4.65    3,312       3.90     422,569,166      3.28     186        4.45    3,727      4.17     530,382,723      3.37       25.51

   경북        80        1.96    2,136       2.52     308,296,039      2.39      88        2.11    2,103      2.35     323,878,486      2.06        5.05

   부산       157        3.84    2,755       3.24    1,844,372,208    14.32     160        3.83    2,877      3.22    2,241,634,544    14.24       21.54

   울산        16        0.39     137        0.16        9,360,466     0.07      18        0.43     186       0.21      10,094,167      0.06        7.84

   경남        88        2.15    1,334       1.57     101,120,810      0.78      91        2.18    1,366      1.53      86,596,798      0.55      -14.36

   광주        89        2.18    1,332       1.57     112,108,356      0.87      89        2.13    1,354      1.52     137,648,470      0.87       22.78

   전북        53        1.30    1,183       1.39     115,633,894      0.90      51        1.22     880       0.99      79,295,893      0.50      -31.43

   전남        30        0.73     414        0.49      43,872,160      0.34      31        0.74     458       0.51      42,238,109      0.27       -3.72

   제주            8     0.20     173        0.20        4,698,466     0.04          8     0.19     180       0.20      11,148,746      0.07     137.28

  합계       4,085     100.00   84,915     100.00   12,883,105,830   100.00    4,176       100    89,333      100    15,737,442,191     100
(2) 지역별 수출실적 현황
                                                                                                                                  (단위 : 개소, 명, USD, %)
                                       2021년                                                            2022년
   지역     업체수                                                              업체수                                                              증감(%)
                     비율(%)    인원(명)     비율(%)     수출액(USD)        비율(%)               비율(%)    인원(명)    비율(%)     수출액(USD)        비율(%)
          (개소)                                                             (개소)

   서울       209       19.17    5,919      14.00   1,262,714,694    14.63     211       19.15    6,661     13.88    903,117,606     11.47      -28.48

   인천        31        2.84     710        1.68     41,937,595      0.49      37        3.36     917       1.91     37,620,626      0.48      -10.29

 경기북부        57        5.23    1,853       4.38    161,215,231      1.87      59        5.35    1,897      3.95    182,156,505      2.31       12.99

 경기남부       400       36.70   13,582      32.14   2,668,717,730    30.93     403       36.57   16,506     34.40   2,526,259,265    32.08       -5.34

   강원        68        6.24    4,204       9.95    654,772,181      7.59      67        6.08    4,548      9.48    786,878,991      9.99       20.18

   대전        51        4.68    2,204       5.21    249,138,830      2.89      50        4.54    2,339      4.87    147,499,338      1.87      -40.80

   충북        46        4.22    3,434       8.13   2,467,659,458    28.60      44        3.99    4,184      8.72   2,055,290,586    26.10      -16.71

   충남        42        3.85    2,924       6.92    215,697,111      2.50      42        3.81    3,009      6.27    260,355,238      3.31       20.70

   세종            3     0.28      59        0.14      1,823,397      0.02          3     0.27     105       0.22     35,389,389      0.45     1840.85

   대구        56        5.14    2,156       5.10    237,714,779      2.75      50        4.54    2,580      5.38    226,367,969      2.87       -4.77

   경북        22        2.02    1,421       3.36    231,509,397      2.68      22        2.00    1,376      2.87    224,314,420      2.85       -3.11

   부산        32        2.94    1,447       3.42    273,203,829      3.17      32        2.90    1,535      3.20    338,578,073      4.30       23.93

   울산            3     0.28      48        0.11      4,716,495      0.05          3     0.27      69       0.14      2,322,450      0.03      -50.76

   경남        21        1.93     345        0.82     43,165,866      0.50      24        2.18     336       0.70     38,741,954      0.49      -10.25

   광주        28        2.57     909        2.15     40,513,747      0.47      31        2.81     944       1.97     48,446,264      0.62       19.58

   전북        12        1.10     854        2.02     62,323,713      0.72      13        1.18     612       1.28     48,738,993      0.62      -21.80

   전남            9     0.83     195        0.46     11,689,428      0.14      10        0.91     210       0.44     13,239,968      0.17       13.26

   제주            0     0.00        -       0.00               -     0.00          1     0.09     159       0.33          8,695      0.00            -

   합계      1,090     100.00   42,264     100.00   8,628,513,481   100.00    1,102       100    47,987      100    7,875,326,330     100
(3) 지역별 수입실적 현황
                                                                                                                                  (단위 : 개소, 명, USD, %)
                                       2021년                                                            2022년
   지역     업체수                                                              업체수                                                              증감(%)
                     비율(%)    인원(명)     비율(%)     수입액(USD)        비율(%)               비율(%)    인원(명)    비율(%)     수입액(USD)        비율(%)
          (개소)                                                             (개소)

   서울      1,517      52.02   27,310      53.38   4,416,074,678    82.50    1,521      50.51   28,278     50.06   4,245,351,838    86.85       -3.87

   인천        80        2.74     663        1.30     14,672,423      0.27      90        2.99     675       1.19     14,334,668      0.29       -2.30

 경기북부       220        7.54    2,656       5.19     61,928,717      1.16     225        7.47    2,680      4.74     57,787,873      1.18       -6.69

 경기남부       660       22.63    8,792      17.19    537,620,645     10.04     691       22.95   11,400     20.18    276,114,012      5.65      -48.64

   강원        50        1.71    2,632       5.14      6,092,319      0.11      50        1.66    2,595      4.59      8,163,502      0.17       34.00

   대전        62        2.13     917        1.79      9,797,776      0.18      72        2.39    1,112      1.97     12,324,715      0.25       25.79

   충북        43        1.47    4,114       8.04    175,057,815      3.27      45        1.49    5,077      8.99    148,336,901      3.03      -15.26

   충남        28        0.96    1,082       2.11     17,081,607      0.32      32        1.06    1,282      2.27     20,989,486      0.43       22.88

   세종            5     0.17      98        0.19     13,288,588      0.25          8     0.27     125       0.22        484,127      0.01       -96.36


   대구        68        2.33     914        1.79     12,333,229      0.23      77        2.56    1,132      2.00     10,349,885      0.21      -16.08

   경북        25        0.86     433        0.85     30,893,170      0.58      25        0.83     462       0.82     33,023,533      0.68        6.90

   부산        85        2.91     806        1.58     25,258,652      0.47      91        3.02     832       1.47     23,285,409      0.48       -7.81

   울산            4     0.14       6        0.01      1,740,414      0.03          5     0.17      43       0.08      7,679,631      0.16      341.25

   경남        24        0.82     308        0.60     17,377,331      0.32      32        1.06     332       0.59     16,458,127      0.34       -5.29

   광주        29        0.99     220        0.43      3,849,928      0.07      30        1.00     192       0.34      4,304,513      0.09       11.81

   전북        14        0.48     206        0.40      9,586,348      0.18      14        0.46     188       0.33      9,155,123      0.19       -4.50

   전남            2     0.07       2        0.00               -     0.00          3     0.10      88       0.16         13,600      0.00           －

   제주            -     0.00        -       0.00               -     0.00          -     0.00        -      0.00               -     0.00           －

   합계      2,916     100.00   51,159     100.00   5,352,653,640   100.00    3,011       100    56,493      100    4,888,156,943     100
7-2. 체외진단 의료기기
(1) 지역별 생산실적 현황
                                                                                                                                  (단위 : 개소, 명, 천원, %)
                                       2021년                                                            2022년
   지역     업체수                                                              업체수                                                              증감(%)
                     비율(%)    인원(명)     비율(%)     생산액(천원)         비율(%)               비율(%)    인원(명)    비율(%)     생산액(천원)         비율(%)
          (개소)                                                             (개소)
   서울       103       25.06    3,208      20.85   1,203,037,390    27.66     105       23.76    3,170     19.88    933,876,792     15.46      -22.37

   인천            9     2.19     215        1.40     14,698,811      0.34      13        2.94     477       2.99     14,332,668      0.24       -2.49

 경기북부        15        3.65     229        1.49      7,804,681      0.18      18        4.07     241       1.51     16,363,245      0.27      109.66

 경기남부       166       40.39    7,138      46.39   1,274,931,749    29.31     179       40.50    7,311     45.86   1,778,000,097    29.43       39.46

   강원        18        4.38    1,292       8.40    113,947,509      2.62      21        4.75    1,442      9.05    143,279,104      2.37       25.74

   대전        28        6.81     927        6.02     97,582,558      2.24      29        6.56     949       5.95     53,884,454      0.89      -44.78

   충북        21        5.11    1,179       7.66   1,522,256,975    34.99      23        5.20    1,405      8.81   2,974,770,156    49.23       95.42

   충남        12        2.92     388        2.52     44,446,492      1.02      11        2.49     298       1.87     70,707,848      1.17       59.09

   세종            3     0.73      59        0.38      1,008,676      0.02          3     0.68      47       0.29        318,535      0.01      -68.42

   대구            9     2.19     127        0.83      1,690,480      0.04          8     1.81     116       0.73         50,008      0.00      -97.04

   경북            7     1.70     139        0.90      4,532,414      0.10          8     1.81     133       0.83      2,239,846      0.04      -50.58

   부산            5     1.22      29        0.19        812,784      0.02          5     1.13      32       0.20        667,248      0.01      -17.91

   울산            -     0.00        -       0.00               -     0.00          2     0.45      20       0.13        185,000      0.00            -

   경남            3     0.73      56        0.36     11,246,684      0.26          3     0.68      51       0.32     10,028,643      0.17      -10.83

   광주            2     0.49      15        0.10        176,087      0.00          3     0.68      21       0.13        123,735      0.00      -29.73

   전북            4     0.97     295        1.92     40,958,448      0.94          4     0.90     110       0.69     34,762,458      0.58      -15.13

   전남            5     1.22      85        0.55     10,165,342      0.23          6     1.36     112       0.70      8,258,504      0.14      -18.76

   제주            1     0.24       5        0.03        847,511      0.02          1     0.23       7       0.04        493,758      0.01      -41.74

   합계       411      100.00   15,386     100.00   4,350,144,591   100.00     442        100    15,942      100    6,042,342,099     100



(2) 지역별 수출실적 현황
                                                                                                                                  (단위 : 개소, 명, USD, %)
                                       2021년                                                            2022년
   지역     업체수                                                              업체수                                                              증감(%)
                     비율(%)    인원(명)     비율(%)     수출액(USD)        비율(%)               비율(%)    인원(명)    비율(%)     수출액(USD)        비율(%)
          (개소)                                                             (개소)
   서울        29       21.17    1,840      24.96    835,724,674     17.97      27       20.77    2,172     23.69    370,443,212     10.48      -55.67

   인천            2     1.46     154        2.09     14,659,102      0.32          4     3.08     258       2.81      9,355,000      0.26      -36.18

 경기북부            3     2.19      82        1.11        961,112      0.02          3     2.31      70       0.76      1,088,304      0.03       13.23

 경기남부        55       40.15    2,352      31.90   1,041,674,345    22.40      54       41.54    3,700     40.36    820,967,061     23.22      -21.19

   강원            9     6.57     976       13.24    219,060,581      4.71          7     5.38     962      10.49    290,561,713      8.22       32.64

   대전        14       10.22     444        6.02    130,709,905      2.81      14       10.77     684       7.46     39,902,604      1.13      -69.47

   충북            8     5.84     915       12.41   2,334,496,225    50.21          7     5.38     931      10.16   1,884,092,652    53.28      -19.29

   충남            3     2.19     137        1.86     53,489,119      1.15          3     2.31     147       1.60     92,150,300      2.61       72.28

   세종            1     0.73      14        0.19        811,420      0.02          -     0.00        -      0.00               -     0.00     -100.00

   대구            3     2.19      24        0.33      1,105,845      0.02          1     0.77      17       0.19         24,630      0.00      -97.77

   경북            4     2.92      87        1.18      3,382,341      0.07          3     2.31      56       0.61      2,018,896      0.06      -40.31

   부산            -     0.00        -        -                 -     0.00          -     0.00        -      0.00               -     0.00        0.00

   울산            -     0.00        -        -                 -     0.00          1     0.77      11       0.12          1,200      0.00        0.00

   경남            2     1.46      38        0.52      4,969,265      0.11          2     1.54      37       0.40      4,960,028      0.14       -0.19

   광주            1     0.73       8        0.11        146,821      0.00          1     0.77       7       0.08        101,130      0.00      -31.12

   전북            2     1.46     283        3.84      7,324,168      0.16          2     1.54     104       1.13     16,988,884      0.48      131.96

   전남            1     0.73      19        0.26        920,724      0.02          1     0.77      11       0.12      3,545,173      0.10      285.04

   제주            -     0.00        -        -                 -     0.00          -     0.00        -      0.00               -     0.00           －

   합계       137      100.00    7,373     100.00   4,649,435,647   100.00     130        100     9,167      100    3,536,200,787     100
(3) 지역별 수입실적 현황
                                                                                                                                (단위 : 개소, 명, USD, %)
                                       2021년                                                           2022년
   지역     업체수                                                             업체수                                                             증감(%)
                     비율(%)    인원(명)     비율(%)     수입액(USD)       비율(%)               비율(%)    인원(명)    비율(%)     수입액(USD)       비율(%)
          (개소)                                                            (개소)
   서울       214       61.67    6,178      63.48   740,387,920     92.45     212       59.72    6,668     62.84    728,993,696    92.95       -1.54

   인천            4     1.15      23        0.24      546,835       0.07          4     1.13      21       0.20       566,045      0.07        3.51

 경기북부        14        4.03     145        1.49     2,471,899      0.31      16        4.51     140       1.32      2,434,444     0.31       -1.52

 경기남부        87       25.07    1,534      15.76    50,310,389      6.28      92       25.92    1,755     16.54     46,805,847     5.97       -6.97

   강원            3     0.86     340        3.49              -     0.00          3     0.85     337       3.18              -     0.00           －

   대전            9     2.59     218        2.24      130,267       0.02          9     2.54     223       2.10      2,353,178     0.30     1706.43

   충북            6     1.73     630        6.47     6,891,420      0.86          7     1.97     802       7.56      2,996,057     0.38      -56.52

   충남            2     0.58     578        5.94       13,728       0.00          2     0.56     578       5.45              -     0.00     -100.00

   세종            1     0.29      30        0.31              -     0.00          1     0.28      30       0.28              -     0.00        0.00

   대구            3     0.86      39        0.40       74,265       0.01          4     1.13      22       0.21       142,487      0.02       91.86

   경북            -     0.00        -       0.00              -     0.00          -     0.00        -      0.00              -     0.00           －

   부산            1     0.29       6        0.06       33,636       0.00          1     0.28       7       0.07          8,444     0.00      -74.90

   울산            -     0.00        -       0.00              -     0.00          -     0.00        -      0.00              -     0.00        0.00

   경남            1     0.29       7        0.07              -     0.00          2     0.56      23       0.22              1     0.00        0.00

   광주            2     0.58       4        0.04       32,864       0.00          1     0.28       2       0.02              -     0.00     -100.00

   전북            -     0.00        -       0.00              -     0.00          1     0.28       3       0.03              -     0.00        0.00

   전남            -     0.00        -       0.00              -     0.00          -     0.00        -      0.00              -     0.00        0.00

   제주            -     0.00        -       0.00              -     0.00          -     0.00        -      0.00              -     0.00        0.00

   합계       347      100.00    9,732     100.00   800,893,223    100.00     355        100    10,611      100     784,300,199     100