7. 지역별 생산 및 수출입실적 현황
(1) 지역별 생산실적 현황
(단위 : 개소, 명, 천원, %)
지역  2017년  2018년  증감(%)
업체수 (개소)  비율(%)  인원(명)  비율(%)  생산액(천원)  비율(%)  업체수 (개소)  비율(%)  인원(명)  비율(%)  생산액(천원)  비율(%)
서울  753  22.94  9,188  15.95  674,361,736  11.58  827  24.15  12,391  20.16  817,215,885  12.55  21.18
인천  143  4.36  1,522  2.64  79,911,599  1.37  143  4.18  1,576  2.56  93,401,238  1.43  16.88
경기북부  238  7.25  3,144  5.46  252,739,236  4.34  256  7.47  3,185  5.18  276,891,344  4.25  9.56
경기남부  1,034  31.50  19,729  34.25  1,931,091,708  33.16  1,042  30.42  20,662  33.62  2,191,486,616  33.66  13.48
강원  154  4.69  5,015  8.71  661,221,601  11.36  164  4.79  5,277  8.59  684,417,576  10.51  3.51
대전  123  3.75  2,886  5.01  220,747,131  3.79  127  3.71  2,212  3.60  143,252,366  2.20  -35.11
충북  124  3.78  3,430  5.96  335,492,948  5.76  121  3.53  3,083  5.02  356,518,705  5.48  6.27
충남  98  2.99  3,016  5.24  209,666,195  3.60  94  2.74  2,653  4.32  207,386,293  3.19  -1.09
세종  7  0.21  82  0.14  867,872  0.01  10  0.29  202  0.33  9,405,704  0.14  983.77
대구  174  5.30  2,337  4.06  180,681,209  3.10  179  5.23  2,406  3.91  194,741,546  2.99  7.78
경북  73  2.22  2,062  3.58  244,417,133  4.20  79  2.31  1,976  3.21  253,684,984  3.90  3.79
부산  126  3.84  1,897  3.29  799,613,903  13.73  136  3.97  2,327  3.79  1,014,011,509  15.57  26.81
울산  10  0.30  102  0.18  6,638,787  0.11  11  0.32  113  0.18  7,319,640  0.11  10.26
경남  72  2.19  1,091  1.89  71,289,867  1.22  74  2.16  1,150  1.87  82,833,752  1.27  16.19
광주  86  2.62  1,206  2.09  94,811,237  1.63  85  2.48  1,214  1.98  95,142,370  1.46  0.35
전북  43  1.31  576  1.00  40,470,654  0.69  48  1.40  674  1.10  64,218,279  0.99  58.68
전남  20  0.61  218  0.38  17,204,941  0.30  22  0.64  227  0.37  17,297,460  0.27  0.54
제주  5  0.15  94  0.16  1,926,901  0.03  7  0.20  136  0.22  1,909,520  0.03  -0.90
합계  3,283  100  57,595  100.00  5,823,154,658  100.00  3,425  100.00  61,464  100.00  6,511,134,787  100.00  11.81
(2) 지역별 수출실적 현황
(단위 : 개소, 명, USD, %)
지역  2017년  2018년  증감(%)
업체수 (개소)  비율(%)  인원(명)  비율(%)  수출액(USD)  비율(%)  업체수 (개소)  비율(%)  인원(명)  비율(%)  수출액(USD)  비율(%)
서울  183  19.66  3,866  13.29  295,165,033  9.33  212  21.65  5,075  15.99  363,355,894  10.06  23.10
인천  31  3.33  593  2.04  33,731,855  1.07  30  3.06  594  1.87  35,264,304  0.98  4.54
경기북부  57  6.12  1,694  5.82  98,648,753  3.12  60  6.13  1,889  5.95  112,305,145  3.11  13.84
경기남부  325  34.91  10,118  34.77  1,392,341,921  44.00  329  33.61  10,497  33.08  1,599,563,062  44.31  14.88
강원  65  6.98  2,518  8.65  461,397,223  14.58  66  6.74  3,499  11.03  521,153,176  14.44  12.95
대전  44  4.73  1,592  5.47  82,030,488  2.59  47  4.80  1,312  4.13  71,441,746  1.98  -12.91
충북  36  3.87  1,862  6.40  147,251,096  4.65  37  3.78  1,841  5.80  172,897,036  4.79  17.42
충남  32  3.44  1,633  5.61  172,500,633  5.45  30  3.06  1,474  4.65  181,913,358  5.04  5.46
세종  1  0.11  11  0.04  94,989  0.00  4  0.41  115  0.36  3,471,734  0.10  3,554.88
대구  44  4.73  1,338  4.60  74,858,139  2.37  43  4.39  1,282  4.04  83,497,666  2.31  11.54
경북  17  1.83  929  3.19  154,515,351  4.88  21  2.15  1,076  3.39  177,482,096  4.92  14.86
부산  28  3.01  1,226  4.21  115,551,393  3.65  30  3.06  1,501  4.73  130,659,296  3.62  13.07
울산  3  0.32  55  0.19  2,723,317  0.09  3  0.31  59  0.19  2,279,670  0.06  -16.29
경남  20  2.15  366  1.26  40,785,053  1.29  19  1.94  339  1.07  34,386,996  0.95  -15.69
광주  23  2.47  752  2.58  31,402,534  0.99  25  2.55  539  1.70  31,928,875  0.88  1.68
전북  16  1.72  393  1.35  53,339,104  1.69  15  1.53  481  1.52  79,627,307  2.21  49.29
전남  5  0.54  71  0.24  7,847,438  0.25  8  0.82  159  0.50  8,986,472  0.25  14.51
제주  1  0.11  82  0.28  26,000  0.00  0  0  0  0  0  0  -100
합계  931  100.00  29,099  100.00  3,164,210,320  100.00  979  100.00  31,732  100  3,610,213,833  100.00  14.10
(3) 지역별 수입실적 현황
(단위 : 개소, 명, USD, %)
지역  2017년  2018년  증감(%)
업체수 (개소)  비율(%)  인원(명)  비율(%)  수입액(USD)  비율(%)  업체수 (개소)  비율(%)  인원(명)  비율(%)  수입액(USD)  비율(%)
서울  1,311  58.09  18,200  59.38  3,146,839,150  90.02  1,364  56.53  19,638  56.34  3,495,731,158  89.89  11.09
인천  43  1.91  345  1.13  7,718,954  0.22  48  1.99  303  0.87  8,091,722  0.21  4.83
경기북부  148  6.56  1,973  6.44  26,679,489  0.76  174  7.21  2,165  6.21  31,884,638  0.82  19.51
경기남부  423  18.74  5,106  16.66  164,734,159  4.71  465  19.27  6,478  18.58  196,933,816  5.06  19.55
강원  37  1.64  745  2.43  5,506,991  0.16  45  1.86  1,948  5.59  6,460,085  0.17  17.31
대전  48  2.13  603  1.97  22,536,470  0.64  50  2.07  637  1.83  9,937,939  0.26  -55.90
충북  31  1.37  1,365  4.45  28,995,791  0.83  33  1.37  669  1.92  46,746,825  1.20  61.22
충남  16  0.71  491  1.60  15,292,147  0.44  18  0.75  586  1.68  15,899,156  0.41  3.97
세종  2  0.09  11  0.04  13,243  0.00  1  0.04  26  0.07  17,230  0.00  30.11
대구  55  2.44  630  2.06  6,571,146  0.19  60  2.49  777  2.23  10,812,599  0.28  64.55
경북  15  0.66  148  0.48  7,796,103  0.22  18  0.75  367  1.05  7,926,103  0.20  1.67
부산  67  2.97  391  1.28  22,395,028  0.64  74  3.07  488  1.40  22,306,585  0.57  -0.39
울산  2  0.09  22  0.07  0  0  1  0.04  33  0.09  0  0  #DIV/0!
경남  14  0.62  227  0.74  17,779,792  0.51  15  0.62  271  0.78  15,061,205  0.39  -15.29
광주  28  1.24  152  0.50  6,433,237  0.18  27  1.12  131  0.38  2,079,785  0.05  -67.67
전북  14  0.62  229  0.75  16,187,200  0.46  17  0.70  293  0.84  19,012,289  0.49  17.45
전남  3  0.13  12  0.04  47,589  0.00  3  0.12  48  0.14  90,645  0.00  90.47
제주  0  0  0  0  0  0  0  0  0  0  0  #DIV/0!
합계  2,257  100  30,650  100.00  3,495,526,489  100.00  2,413  100.00  34,858  100.00  3,888,991,780  100.00  11.26