7. 지역별 생산 및 수출입실적 현황
7-1. 의료기기 전체(체외진단 의료기기 포함)
(1) 지역별 생산실적 현황
                                                                                                                               (단위 : 개소, 명, 천원, %)
                                    2019년                                                           2020년
   지역    업체수                                                           업체수                                                               증감(%)
                  비율(%)    인원(명)    비율(%)     생산액(천원)         비율(%)               비율(%)    인원(명)    비율(%)      생산액(천원)         비율(%)
          (개소)                                                         (개소)

   서울      826     23.14   10,281     15.95    741,632,687     10.19     871       22.41   12,908     16.07    1,993,570,839    19.67      168.81

   인천      146      4.09    1,729      2.68    120,973,879      1.66     168        4.32    1,841      2.29     122,055,828      1.20        0.89

 경기북부      268      7.51    3,178      4.93    305,274,890      4.19     282        7.25    3,435      4.28     317,912,522      3.14        4.14

 경기남부     1,124    31.48   23,126     35.87   2,402,332,357    33.00    1268       32.62   28,565     35.57    3,173,669,377    31.31       32.11

   강원      161      4.51    4,903      7.61    703,190,800      9.66     171        4.40    5,893      7.34     642,343,974      6.34       -8.65

   대전      129      3.61    2,754      4.27    238,338,636      3.27     141        3.63    3,317      4.13     393,686,055      3.88       65.18

   충북      135      3.78    3,860      5.99    456,335,101      6.27     149        3.83    5,238      6.52     947,366,063      9.35      107.60

   충남       98      2.75    3,093      4.80    255,471,231      3.51     112        2.88    6,422      8.00     311,590,073      3.07       21.97

   세종       10      0.28     637       0.99        356,236      0.00      12        0.31     746       0.93      15,396,331      0.15    4221.95

   대구      196      5.49    2,854      4.43    294,683,881      4.05     193        4.97    3,032      3.78     295,929,778      2.92        0.42

   경북       83      2.32    1,988      3.08    258,955,911      3.56      82        2.11    2,038      2.54     314,656,098      3.10       21.51

   부산      139      3.89    2,491      3.86   1,197,498,770    16.45     153        3.94    2,574      3.20    1,307,381,265    12.90        9.18

   울산       17      0.48     167       0.26      8,791,201      0.12      14        0.36     113       0.14        7,084,073     0.07      -19.42

   경남       77      2.16    1,126      1.75     93,083,026      1.28      84        2.16    1,302      1.62      88,914,334      0.88       -4.48

   광주       81      2.27    1,225      1.90    114,549,068      1.57      91        2.34    1,295      1.61     101,718,949      1.00      -11.20

   전북       51      1.43     651       1.01     62,301,082      0.86      57        1.47    1,028      1.28      66,409,918      0.66        6.60

   전남       22      0.62     267       0.41     23,350,578      0.32      29        0.75     391       0.49      32,354,903      0.32       38.56

   제주        7      0.20     140       0.22      2,264,890      0.03      10        0.26     179       0.22        3,744,998     0.04       65.35

   합계     3,570   100.00   64,470    100.00   7,279,384,224   100.00   3,887      100.00   80,317    100.00   10,135,785,378   100.00




(2) 지역별 수출실적 현황
                                                                                                                               (단위 : 개소, 명, USD, %)
                                    2019년                                                           2020년
   지역    업체수                                                           업체수                                                               증감(%)
                  비율(%)    인원(명)    비율(%)     수출액(USD)        비율(%)               비율(%)    인원(명)    비율(%)      수출액(USD)        비율(%)
          (개소)                                                         (개소)

   서울      190     18.94    3,865     11.08    335,252,551      9.04     205       19.34    5,372     13.75    1,111,718,151    16.75      231.61

   인천       32      3.19     809       2.32     37,601,910      1.01      31        2.92     697       1.78      59,324,110      0.89       57.77

 경기북부       56      5.58    1,536      4.40    119,636,980      3.22      52        4.91    1,570      4.02     132,342,504      1.99       10.62

 경기남부      363     36.19   11,837     33.94   1,577,549,787    42.52     387       36.51   12,479     31.95    2,321,730,121    34.98       47.17

   강원       59      5.88    3,600     10.32    516,344,175     13.92      62        5.85    3,964     10.15     516,782,590      7.79        0.08

   대전       47      4.69    1,708      4.90    102,134,027      2.75      50        4.72    2,052      5.25     277,958,092      4.19      172.15

   충북       43      4.29    2,503      7.18    197,243,852      5.32      46        4.34    2,699      6.91    1,370,364,846    20.65      594.76

   충남       38      3.79    2,522      7.23    179,329,062      4.83      44        4.15    3,248      8.32     178,046,418      2.68       -0.72

   세종        1      0.10      13       0.04        200,956      0.01          3     0.28      58       0.15        4,787,423     0.07    2282.32

   대구       51      5.08    1,763      5.06    142,574,122      3.84      54        5.09    1,846      4.73     129,425,091      1.95       -9.22

   경북       23      2.29    1,175      3.37    190,969,501      5.15      22        2.08    1,318      3.37     225,834,054      3.40       18.26

   부산       31      3.09    1,666      4.78    154,878,053      4.17      37        3.49    1,795      4.60     169,526,441      2.55        9.46
울산      2      0.20      21      0.06      2,202,378      0.06      2      0.19      34      0.09      2,003,971      0.03    -9.01

경남     19      1.89     328      0.94     33,378,524      0.90     17      1.60     308      0.79     34,740,960      0.52     4.08

광주     27      2.69     874      2.51     45,076,047      1.22     25      2.36     801      2.05     31,988,977      0.48   -29.03

전북     12      1.20     381      1.09     66,289,872      1.79     13      1.23     660      1.69     49,356,577      0.74   -25.54

전남      8      0.80     152      0.44      9,257,713      0.25      9      0.85     147      0.38     20,557,220      0.31   122.06

제주      1      0.10     123      0.35          9,857      0.00      1      0.09      12      0.03         87,027      0.00   782.90

합계   1,003   100.00   34,876   100.00   3,709,929,367   100.00   1,060   100.00   39,060   100.00   6,636,574,573   100.00
(3) 지역별 수입실적 현황
                                                                                                                                (단위 : 개소, 명, USD, %)
                                    2019년                                                             2020년
   지역    업체수                                                             업체수                                                              증감(%)
                  비율(%)    인원(명)    비율(%)       수입액(USD)        비율(%)               비율(%)    인원(명)    비율(%)     수입액(USD)        비율(%)
          (개소)                                                           (개소)

   서울     1,366    54.47   20,196     53.30     3,768,687,692    90.60   1,508       53.76   27,105     56.81   3,852,018,375    86.96        2.21

   인천       46      1.83     368       0.97        9,481,750      0.23      63        2.25     618       1.30     13,217,735      0.30       39.40

 경기북부      193      7.70    2,164      5.71       37,714,306      0.91     199        7.09    2,397      5.02     44,176,264      1.00       17.13

 경기남부      512     20.41    7,405     19.54      192,541,698      4.63     602       21.46    8,330     17.46    211,393,168      4.77        9.79

   강원       46      1.83    2,232      5.89        5,612,017      0.13      45        1.60    2,473      5.18      6,613,262      0.15       17.84

   대전       53      2.11     939       2.48       10,650,987      0.26      56        2.00     714       1.50     10,907,656      0.25        2.41

   충북       36      1.44     870       2.30       40,960,645      0.98      38        1.35    1,344      2.82    143,004,100      3.23      249.13

   충남       17      0.68     721       1.90       18,764,445      0.45      26        0.93    1,399      2.93     18,067,597      0.41       -3.71

   세종        2      0.08      14       0.04           31,856      0.00       4        0.14      72       0.15     17,085,730      0.39    53534.26


   대구       66      2.63     909       2.40        8,485,857      0.20      80        2.85     963       2.02     11,961,846      0.27       40.96

   경북       21      0.84     428       1.13       10,245,111      0.25      21        0.75     508       1.06     47,285,872      1.07      361.55

   부산       80      3.19     813       2.15       19,820,451      0.48      83        2.96     949       1.99     28,044,383      0.63       41.49

   울산        3      0.12       6       0.02           32,430        0        4        0.14       6       0.01          6,643      0.00      -79.52

   경남       21      0.84     334       0.88       14,148,252      0.34      28        1.00     296       0.62     13,299,646      0.30       -6.00

   광주       28      1.12     173       0.46        2,852,318      0.07      31        1.11     210       0.44      4,041,783      0.09       41.70

   전북       15      0.60     296       0.78       19,844,648      0.48      13        0.46     312       0.65      8,687,312      0.20      -56.22

   전남        3      0.12      25       0.07           40,697      0.00       4        0.14      12       0.03               -     0.00     -100.00

   제주         -        -        -           -               -        -          -     0.00        -      0.00               -     0.00     #DIV/0!

   합계     2,508   100.00   37,893    100.00     4,159,915,160   100.00   2,805      100.00   47,708    100.00   4,429,811,372   100.00
7-2. 체외진단 의료기기
(1) 지역별 생산실적 현황
                                                   (단위 : 개소, 명, 천원, %)
                                    2020년
   지역    업체수
                  비율(%)    인원(명)    비율(%)     생산액(천원)         비율(%)
          (개소)
   서울       85     24.36    2,725     18.70   1,407,634,871     41.96

   인천        8      2.29     202       1.39     24,289,561       0.72

 경기북부       15      4.30     234       1.61      7,687,397       0.23

 경기남부      137     39.26    6,422     44.07    893,657,233      26.64

   강원       16      4.58    1,015      6.97    107,580,559       3.21

   대전       24      6.88     788       5.41    181,514,988       5.41

   충북       18      5.16     975       6.69    642,961,101      19.16

   충남       11      3.15    1,459     10.01     31,683,349       0.94

   세종        2      0.57      32       0.22      1,070,750       0.03

   대구        8      2.29     111       0.76      1,615,750       0.05

   경북        6      1.72     104       0.71      3,817,254       0.11

   부산        4      1.15      22       0.15        900,982       0.03

   울산        1      0.29      13       0.09         33,595       0.00

   경남        2      0.57      40       0.27      8,986,793       0.27

   광주        2      0.57      12       0.08        183,133       0.01

   전북        4      1.15     327       2.24     33,212,569       0.99

   전남        5      1.43      79       0.54      7,937,474       0.24

   제주        1      0.29      12       0.08        161,225       0.00

   합계      349    100.00   14,572    100.00   3,354,928,584    100.00



(2) 지역별 수출실적 현황
                                                   (단위 : 개소, 명, USD, %)
                                    2020년
   지역    업체수
                  비율(%)    인원(명)    비율(%)     수출액(USD)        비율(%)
          (개소)
   서울       26     20.31    1,691     24.98    832,070,468      23.32

   인천        2      1.56     156       2.30     35,489,896       0.99

 경기북부        2      1.56      70       1.03      1,377,748       0.04

 경기남부       52     40.63    2,266     33.47   1,020,324,883     28.59

   강원        7      5.47     788      11.64    174,640,665       4.89

   대전       14     10.94     413       6.10    182,199,714       5.11

   충북        7      5.47     750      11.08   1,254,898,807     35.16

   충남        3      2.34     122       1.80     32,671,706       0.92

   세종        1      0.78      21       0.31        733,196       0.02

   대구        2      1.56       8       0.12      2,048,747       0.06

   경북        4      3.13      85       1.26      2,310,047       0.06

   부산        1      0.78       4       0.06               -      0.00

   울산        -      0.00        -      -                  -      0.00

   경남        2      1.56      36       0.53      4,629,323       0.13

   광주        1      0.78       9       0.13        132,776       0.00

   전북        2      1.56     316       4.67     14,314,564       0.40

   전남        1      0.78      23       0.34     10,727,402       0.30

   제주        1      0.78      12       0.18         87,027       0.00

   합계      128    100.00    6,770    100.00   3,568,656,969    100.00
(3) 지역별 수입실적 현황
                                                 (단위 : 개소, 명, USD, %)
                                    2020년
   지역    업체수
                  비율(%)    인원(명)    비율(%)     수입액(USD)       비율(%)
          (개소)
   서울      216     63.91    5,812     65.11   612,225,971     89.66

   인천        3      0.89      18       0.20      452,328       0.07

 경기북부       14      4.14     148       1.66     2,144,213      0.31

 경기남부       76     22.49    1,295     14.51    24,041,270      3.52

   강원        3      0.89     311       3.48       70,510       0.01

   대전        7      2.07      79       0.88       74,813       0.01

   충북        6      1.78     464       5.20    13,550,395      1.98

   충남        3      0.89     622       6.97       10,235       0.00

   세종        1      0.30      18       0.20              -     0.00

   대구        4      1.18      26       0.29       53,906       0.01

   경북        1      0.30     117       1.31    30,118,741      4.41

   부산        1      0.30       8       0.09       40,024       0.01

   울산        -      0.00        -      0.00              -     0.00

   경남        1      0.30       5       0.06              -     0.00

   광주        2      0.59       4       0.04       19,000       0.00

   전북        -      0.00        -      0.00              -     0.00

   전남        -      0.00        -      0.00              -     0.00

   제주        -      0.00        -      0.00              -     0.00

   합계      338    100.00    8,927    100.00   682,801,406    100.00