7. 지역별 생산 및 수출입실적 현황
7-1. 의료기기 전체(체외진단 의료기기 포함)
(1) 지역별 생산실적 현황
                                                                                                                                      (단위 : 개소, 명, 천원, %)
                                        2024년                                                              2025년
   지역     업체수                                                                업체수                                                                증감(%)
                     비율(%)     인원(명)    비율(%)     생산액(천원)          비율(%)                비율(%)     인원(명)    비율(%)     생산액(천원)          비율(%)
          (개소)                                                               (개소)

   서울       960        22.09   17,026     18.55    1,222,413,976     10.70     920        21.31   15,139     15.45    1,236,060,373     10.00       1.12

   인천       198         4.56    2,499      2.72     222,201,357       1.94     194         4.49    2,747      2.80     268,138,126       2.17      20.67

 경기북부       334         7.69    4,212      4.59     410,532,815       3.59     359         8.32    4,500      4.59     490,176,140       3.97      19.40

 경기남부      1,484       34.15   31,554     34.37    3,142,705,605     27.50    1,496       34.65   35,759     36.50    3,528,802,702     28.56      12.29

   강원       188         4.33    7,493      8.16    1,065,715,824      9.33     180         4.17    9,071      9.26    1,240,886,413     10.04      16.44

   대전       155         3.57    3,813      4.15     361,596,873       3.16     148         3.43    3,911      3.99     471,352,251       3.81      30.35

   충북       156         3.59    6,795      7.40     706,149,350       6.18     157         3.64    6,931      7.07     690,686,756       5.59      -2.19

   충남       120         2.76    3,821      4.16     351,742,293       3.08     119         2.76    4,205      4.29     404,404,869       3.27      14.97

   세종        23         0.53     833       0.91      21,563,897       0.19      29         0.67    2,334      2.38      13,333,532       0.11     -38.17

   대구       184         4.23    3,773      4.11     743,085,430       6.50     180         4.17    3,692      3.77     776,904,191       6.29       4.55

   경북        91         2.09    2,516      2.74     336,062,675       2.94      88         2.04    2,426      2.48     347,735,522       2.81       3.47

   부산       159         3.66    3,011      3.28    2,472,280,562     21.64     157         3.64    2,904      2.96    2,509,926,100     20.31       1.52

   울산        14         0.32     115       0.13        9,617,233      0.08      14         0.32     124       0.13        9,844,609      0.08       2.36

   경남        95         2.19    1,294      1.41      85,688,645       0.75      95         2.20    1,364      1.39      90,999,986       0.74       6.20

   광주        93         2.14    1,436      1.56     153,383,933       1.34      89         2.06    1,393      1.42     156,944,101       1.27       2.32

   전북        50         1.15     826       0.90      66,499,074       0.58      49         1.14     680       0.69      54,675,733       0.44     -17.78

   전남        35         0.81     597       0.65      32,622,092       0.29      38         0.88     551       0.56      44,416,136       0.36      36.15

   제주            7      0.16     187       0.20      22,844,616       0.20          5      0.12     240       0.24      20,513,853       0.17     -10.20

  합계       4,346        100    91,801      100    11,426,706,250      100     4,317       100     97,971     100     12,355,801,393     100         8.13




(2) 지역별 수출실적 현황
                                                                                                                                      (단위 : 개소, 명, USD, %)
                                        2024년                                                              2025년
   지역     업체수                                                                업체수                                                                증감(%)
                     비율(%)     인원(명)    비율(%)     수출액(USD)         비율(%)                비율(%)     인원(명)    비율(%)     수출액(USD)         비율(%)
          (개소)                                                               (개소)

   서울       221        19.57    7,478     14.18     674,071,887      12.83     205        18.30    5,958     11.29     717,251,760      13.35       6.41

   인천        35         3.10    1,284      2.43      59,077,099       1.12      37         3.30    1,474      2.79      83,954,143       1.56      42.11

 경기북부        58         5.14    1,944      3.69     187,234,281       3.56      64         5.71    1,935      3.67     231,655,680       4.31      23.73

 경기남부       420        37.20   17,380     32.95    1,909,817,492     36.34     427        38.13   18,085     34.27    1,923,657,523     35.81       0.72

   강원        65         5.76    5,691     10.79     747,204,623      14.22      65         5.80    6,909     13.09     810,256,771      15.08       8.44

   대전        54         4.78    2,256      4.28     143,471,212       2.73      52         4.64    2,385      4.52     197,198,864       3.67      37.45

   충북        45         3.99    4,687      8.89     330,774,338       6.29      45         4.02    4,727      8.96     299,708,181       5.58      -9.39

   충남        43         3.81    2,846      5.40     183,691,646       3.50      43         3.84    3,057      5.79     189,988,846       3.54       3.43

   세종            5      0.44      79       0.15        1,631,989      0.03          6      0.54      86       0.16        1,296,442      0.02     -20.56

   대구        57         5.05    2,882      5.46     285,677,261       5.44      55         4.91    2,806      5.32     259,123,506       4.82      -9.30

   경북        20         1.77    1,801      3.41     223,225,130       4.25      18         1.61    1,661      3.15     215,813,837       4.02      -3.32

   부산        32         2.83    2,042      3.87     389,671,025       7.42      33         2.95    1,576      2.99     337,402,708       6.28     -13.41

   울산            1      0.09      19       0.04        1,874,328      0.04          1      0.09      19       0.04        1,730,180      0.03      -7.69

   경남        22         1.95     531       1.01      30,283,853       0.58      21         1.88     420       0.80      32,717,071       0.61       8.03
광주     28    2.48    1,028   1.95     46,341,651    0.88     30    2.68     952    1.80     35,286,099    0.66    -23.86

전북     10    0.89     344    0.65     30,426,586    0.58      6    0.54     207    0.39     22,384,343    0.42    -26.43

전남     12    1.06     275    0.52     10,617,488    0.20     11    0.98     286    0.54     11,669,684    0.22      9.91

제주      1    0.09     173    0.33         20,746    0.00      1    0.09     228    0.43      1,362,709    0.03   6,468.54

합계   1,129   100    52,740   100    5,255,112,635   100    1,120   100    52,771   100    5,372,458,347   100       2.23
(3) 지역별 수입실적 현황
                                                                                                                                    (단위 : 개소, 명, USD, %)
                                        2024년                                                             2025년
   지역     업체수                                                               업체수                                                               증감(%)
                     비율(%)     인원(명)    비율(%)     수입액(USD)        비율(%)                비율(%)     인원(명)    비율(%)     수입액(USD)        비율(%)
          (개소)                                                              (개소)

   서울      1,487       48.63   28,967     49.15   4,085,944,163     88.66    1,528       46.97   29,911     46.33   4,482,206,027     89.01       9.70

   인천       101         3.30     821       1.39      19,992,049      0.43     118         3.63     932       1.44      26,024,429      0.52      30.17

 경기북부       240         7.85    2,691      4.57      58,961,345      1.28     273         8.39    2,863      4.43      73,591,495      1.46      24.81

 경기남부       757        24.75   12,107     20.54     286,595,586      6.22     818        25.15   15,015     23.26     294,164,242      5.84       2.64

   강원        52         1.70    3,797      6.44       7,791,156      0.17      55         1.69    4,229      6.55       8,030,576      0.16       3.07

   대전        65         2.13    1,038      1.76       8,956,730      0.19      73         2.24    1,370      2.12      12,781,267      0.25      42.70

   충북        43         1.41    5,644      9.58      27,177,979      0.59      46         1.41    5,940      9.20      23,944,597      0.48     -11.90

   충남        36         1.18     942       1.60      18,863,164      0.41      38         1.17    1,126      1.74      17,274,568      0.34      -8.42

   세종        11         0.36      62       0.11        565,130       0.01      10         0.31      53       0.08        908,041       0.02      60.68

   대구        68         2.22     950       1.61      12,091,278      0.26      76         2.34    1,224      1.90       9,687,497      0.19     -19.88

   경북        24         0.78     194       0.33      25,906,969      0.56      30         0.92     196       0.30      28,366,712      0.56       9.49

   부산        95         3.11     786       1.33      23,297,127      0.51      94         2.89     798       1.24      23,672,959      0.47       1.61

   울산            5      0.16      36       0.06         20,382       0.00          6      0.18      38       0.06         45,732       0.00     124.37

   경남        34         1.11     259       0.44      16,447,177      0.36      34         1.05     326       0.50      16,982,212      0.34       3.25

   광주        22         0.72     167       0.28       6,671,168      0.14      26         0.80     228       0.35       8,275,229      0.16      24.04

   전북        12         0.39     379       0.64       9,140,757      0.20      15         0.46     206       0.32       9,632,641      0.19       5.38

   전남            5      0.16      98       0.17         36,872       0.00          8      0.25      95       0.15         82,237       0.00     123.03

  제주             1      0.03       1       0.00               -      0.00          5      0.15      10       0.02         11,039       0.00            -

  합계       3,058        100    58,939      100    4,608,459,032      100     3,253       100     64,560     100     5,035,681,500     100         9.27
7-2. 체외진단 의료기기
(1) 지역별 생산실적 현황
                                                                                                                                     (단위 : 개소, 명, 천원, %)
                                        2024년                                                              2025년
   지역     업체수                                                                업체수                                                               증감(%)
                     비율(%)     인원(명)    비율(%)      생산액(천원)         비율(%)                비율(%)     인원(명)    비율(%)     생산액(천원)         비율(%)
          (개소)                                                               (개소)

   서울       116        24.79    3,220     22.86      300,096,934     30.09     108        23.95    2,330     16.89     348,560,731     34.95      16.15

   인천        18         3.85     464        3.29      59,494,883      5.97      18         3.99     566       4.10      74,870,186      7.51      25.84

 경기북부        19         4.06     211        1.50      14,569,898      1.46      20         4.43     220       1.59      14,713,441      1.48       0.99

 경기남부       187        39.96    6,268     44.50      291,079,597     29.19     186        41.24    6,593     47.79     231,119,349     23.18     -20.60

   강원        23         4.91    1,090       7.74      89,286,106      8.95      22         4.88    1,213      8.79      98,512,409      9.88      10.33

   대전        30         6.41     776        5.51      17,764,127      1.78      27         5.99     759       5.50      17,109,384      1.72      -3.69

   충북        23         4.91    1,170       8.31     184,601,730     18.51      22         4.88    1,286      9.32     166,465,454     16.69      -9.82

   충남        12         2.56     320        2.27      13,611,884      1.36      12         2.66     394       2.86      30,091,505      3.02     121.07

   세종            3      0.64      43        0.31        240,094       0.02          4      0.89      46       0.33        560,164       0.06     133.31

   대구            5      1.07      66        0.47        277,135       0.03          4      0.89      57       0.41         15,079       0.00     -94.56

   경북            9      1.92     118        0.84        225,607       0.02          8      1.77     102       0.74        140,111       0.01     -37.90

   부산            6      1.28      42        0.30       1,336,778      0.13          5      1.11      35       0.25       1,022,836      0.10     -23.48

   울산            1      0.21       8        0.06               -      0.00          1      0.22       8       0.06               -      0.00            -

   경남            4      0.85      57        0.40       9,671,048      0.97          4      0.89      55       0.40       9,235,921      0.93      -4.50

   광주            4      0.85      31        0.22        212,908       0.02          3      0.67      22       0.16        139,523       0.01     -34.47

   전북            2      0.43      88        0.62      13,289,216      1.33          1      0.22       6       0.04       1,040,000      0.10     -92.17

   전남            6      1.28     112        0.80       1,591,510      0.16          6      1.33     105       0.76       3,595,082      0.36     125.89

   제주            -      0.00        -       0.00               -      0.00          -      0.00        -      0.00               -      0.00            -

  합계        468         100    14,084      100       997,349,455      100      451        100     13,797     100       997,191,175     100        -0.02



(2) 지역별 수출실적 현황
                                                                                                                                     (단위 : 개소, 명, USD, %)
                                        2024년                                                              2025년
   지역     업체수                                                                업체수                                                               증감(%)
                     비율(%)     인원(명)    비율(%)      수출액(USD)        비율(%)                비율(%)     인원(명)    비율(%)     수출액(USD)        비율(%)
          (개소)                                                               (개소)

   서울        27       22.13     1,427     19.78      167,031,792    24.00       21        19.09     896      14.21     194,224,455     26.32      16.28

   인천            4     3.28      323       4.48       21,216,637     3.05           6      5.45     435       6.90      29,555,270      4.01      39.30

 경기북부            3     2.46       66       0.91        1,911,668     0.27           4      3.64      61       0.97       1,637,686      0.22     -14.33

 경기남부        53       43.44     2,904     40.26      203,991,445    29.31       49        44.55    2,365     37.52     217,065,811     29.41       6.41

   강원            4     3.28      800      11.09      142,599,558    20.49           3      2.73     873      13.85     154,728,956     20.97       8.51

   대전        15       12.30      443       6.14        9,606,130     1.38       12        10.91     400       6.35       7,200,291      0.98     -25.04

   충북            6     4.92      931      12.91      132,775,718    19.07           6      5.45     997      15.82     115,692,636     15.68     -12.87

   충남            2     1.64      149       2.07        3,553,958     0.51           2      1.82     160       2.54      12,054,323      1.63     239.18

   세종            -     0.00         -       -                  -     0.00           -      0.00        -      0.00               -      0.00            -

   대구            2     1.64       19       0.26          68,368      0.01           2      1.82      52       0.82         17,890       0.00     -73.83

   경북            1     0.82        3       0.04          62,000      0.01           1      0.91       4       0.06         11,260       0.00     -81.84

   부산            1     0.82       13       0.18         522,500      0.08           1      0.91      13       0.21        292,500       0.04     -44.02

   울산            -     0.00         -       -                  -     0.00           -      0.00        -      0.00               -      0.00            -

   경남            1     0.82       34       0.47        5,388,692     0.77           1      0.91      30       0.48       5,155,058      0.70      -4.34

   광주            1     0.82        8       0.11         144,110      0.02           1      0.91       6       0.10         92,150       0.01     -36.06

   전북            1     0.82       83       1.15        6,874,772     0.99           -      0.00        -      0.00               -      0.00    -100.00

   전남            1     0.82       11       0.15         326,165      0.05           1      0.91      12       0.19        226,120       0.03     -30.67

   제주            -     0.00         -       -                  -     0.00           -      0.00        -      0.00               -      0.00            -

  합계        122      100.00     7,214    100.00      696,073,513     100       110        100      6,304     100       737,954,406     100         6.02
(3) 지역별 수입실적 현황
                                                                                                                                  (단위 : 개소, 명, USD, %)
                                       2024년                                                            2025년
   지역     업체수                                                             업체수                                                               증감(%)
                     비율(%)    인원(명)    비율(%)     수입액(USD)        비율(%)               비율(%)     인원(명)    비율(%)     수입액(USD)        비율(%)
          (개소)                                                            (개소)

   서울       202       55.34    6,800     61.04     614,136,795    90.97     200        52.49    6,974     58.30     676,280,016     90.92      10.12

   인천            7     1.92      51       0.46        655,188      0.10      10         2.62      71       0.59       1,157,355      0.16      76.64

 경기북부        20        5.48     139       1.25       2,733,777     0.40      23         6.04     153       1.28       3,036,067      0.41      11.06

 경기남부       104       28.49    1,851     16.62      53,465,839     7.92     113        29.66    1,947     16.28      57,918,026      7.79       8.33

   강원            4     1.10     794       7.13         64,926      0.01          4      1.05     880       7.36        120,359       0.02      85.38

   대전            8     2.19     131       1.18        316,138      0.05      11         2.89     356       2.98       2,072,736      0.28     555.64

   충북            5     1.37     813       7.30       3,402,360     0.50          5      1.31     913       7.63       2,620,683      0.35     -22.97

   충남            2     0.55     479       4.30               -     0.00          2      0.52     549       4.59               -      0.00           -

   세종            1     0.27       4       0.04         82,740      0.01          1      0.26       4       0.03               -      0.00    -100.00

   대구            4     1.10      32       0.29        240,995      0.04          3      0.79      66       0.55        461,733       0.06      91.59

   경북            -     0.00        -      0.00               -     0.00          -      0.00        -      0.00               -      0.00           -

   부산            2     0.55      12       0.11         11,605      0.00          2      0.52      10       0.08        165,400       0.02   1,325.25

   울산            -     0.00        -      0.00               -     0.00          -      0.00        -      0.00               -      0.00           -

   경남            2     0.55      19       0.17           3,520     0.00          2      0.52      17       0.14           1,125      0.00     -68.04

   광주            2     0.55       3       0.03           4,290     0.00          3      0.79       9       0.08           4,410      0.00       2.80

   전북            1     0.27       1       0.01               -     0.00          1      0.26       1       0.01               -      0.00           -

   전남            1     0.27      11       0.10               -     0.00          1      0.26      12       0.10               -      0.00           -

  제주             -     0.00        -      0.00               -     0.00          -      0.00        -      0.00               -      0.00           -

  합계        365      100.00   11,140    100.00     675,118,173     100      381        100     11,962     100       743,837,910     100        10.18