7. 지역별 생산 및 수출입실적 현황
7-1. 의료기기 전체(체외진단 의료기기 포함)
(1) 지역별 생산실적 현황
                                                                                                                                (단위 : 개소, 명, 천원, %)
                                    2020년                                                            2021년
   지역    업체수                                                            업체수                                                              증감(%)
                  비율(%)    인원(명)    비율(%)      생산액(천원)         비율(%)               비율(%)    인원(명)    비율(%)      생산액(천원)         비율(%)
         (개소)                                                           (개소)

  서울       871     22.41   12,908     16.07    1,993,570,839    19.67     921       22.55   14,627     17.23    1,991,117,004    15.46       -0.12

  인천       168      4.32    1,841      2.29     122,055,828      1.20     180        4.41    1,895      2.23     121,168,680      0.94       -0.73

 경기북부      282      7.25    3,435      4.28     317,912,522      3.14     295        7.22    3,921      4.62     365,128,777      2.83      14.85

 경기남부     1268     32.62   28,565     35.57    3,173,669,377    31.31    1,371      33.56   31,096     36.62    3,899,107,792    30.27      22.86

  강원       171      4.40    5,893      7.34     642,343,974      6.34     174        4.26    6,448      7.59     765,467,716      5.94      19.17

  대전       141      3.63    3,317      4.13     393,686,055      3.88     147        3.60    3,687      4.34     373,243,117      2.90       -5.19

  충북       149      3.83    5,238      6.52     947,366,063      9.35     153        3.75    5,781      6.81    1,890,416,831    14.67      99.54

  충남       112      2.88    6,422      8.00     311,590,073      3.07     114        2.79    3,939      4.64     455,654,428      3.54      46.24

  세종        12      0.31     746       0.93      15,396,331      0.15      19        0.47     745       0.88      59,769,920      0.46     288.21

  대구       193      4.97    3,032      3.78     295,929,778      2.92     190        4.65    3,312      3.90     422,569,166      3.28      42.79

  경북        82      2.11    2,038      2.54     314,656,098      3.10      80        1.96    2,136      2.52     308,296,039      2.39       -2.02

  부산       153      3.94    2,574      3.20    1,307,381,265    12.90     157        3.84    2,755      3.24    1,844,372,208    14.32      41.07

  울산        14      0.36     113       0.14        7,084,073     0.07      16        0.39     137       0.16        9,360,466     0.07      32.13

  경남        84      2.16    1,302      1.62      88,914,334      0.88      88        2.15    1,334      1.57     101,120,810      0.78      13.73

  광주        91      2.34    1,295      1.61     101,718,949      1.00      89        2.18    1,332      1.57     112,108,356      0.87      10.21

  전북        57      1.47    1,028      1.28      66,409,918      0.66      53        1.30    1,183      1.39     115,633,894      0.90      74.12

  전남        29      0.75     391       0.49      32,354,903      0.32      30        0.73     414       0.49      43,872,160      0.34      35.60

  제주        10      0.26     179       0.22        3,744,998     0.04          8     0.20     173       0.20        4,698,466     0.04      25.46

  합계      3,887   100.00   80,317    100.00   10,135,785,378   100.00    4,085       100    84,915      100    12,883,105,830     100
(2) 지역별 수출실적 현황
                                                                                                                              (단위 : 개소, 명, USD, %)
                                    2020년                                                           2021년
   지역    업체수                                                           업체수                                                              증감(%)
                  비율(%)    인원(명)    비율(%)     수출액(USD)        비율(%)               비율(%)    인원(명)    비율(%)     수출액(USD)        비율(%)
         (개소)                                                          (개소)

   서울      205     19.34    5,372     13.75   1,111,718,151    16.75     209       19.17    5,919     14.00   1,262,714,694    14.63       13.58

   인천       31      2.92     697       1.78     59,324,110      0.89      31        2.84     710       1.68     41,937,595      0.49      -29.31

 경기북부       52      4.91    1,570      4.02    132,342,504      1.99      57        5.23    1,853      4.38    161,215,231      1.87       21.82

 경기남부      387     36.51   12,479     31.95   2,321,730,121    34.98     400       36.70   13,582     32.14   2,668,717,730    30.93       14.95

   강원       62      5.85    3,964     10.15    516,782,590      7.79      68        6.24    4,204      9.95    654,772,181      7.59       26.70

   대전       50      4.72    2,052      5.25    277,958,092      4.19      51        4.68    2,204      5.21    249,138,830      2.89      -10.37

   충북       46      4.34    2,699      6.91   1,370,364,846    20.65      46        4.22    3,434      8.13   2,467,659,458    28.60       80.07

   충남       44      4.15    3,248      8.32    178,046,418      2.68      42        3.85    2,924      6.92    215,697,111      2.50       21.15

   세종        3      0.28      58       0.15      4,787,423      0.07          3     0.28      59       0.14      1,823,397      0.02      -61.91

   대구       54      5.09    1,846      4.73    129,425,091      1.95      56        5.14    2,156      5.10    237,714,779      2.75       83.67

   경북       22      2.08    1,318      3.37    225,834,054      3.40      22        2.02    1,421      3.36    231,509,397      2.68        2.51

   부산       37      3.49    1,795      4.60    169,526,441      2.55      32        2.94    1,447      3.42    273,203,829      3.17       61.16

   울산        2      0.19      34       0.09      2,003,971      0.03          3     0.28      48       0.11      4,716,495      0.05      135.36

   경남       17      1.60     308       0.79     34,740,960      0.52      21        1.93     345       0.82     43,165,866      0.50       24.25

   광주       25      2.36     801       2.05     31,988,977      0.48      28        2.57     909       2.15     40,513,747      0.47       26.65

   전북       13      1.23     660       1.69     49,356,577      0.74      12        1.10     854       2.02     62,323,713      0.72       26.27

   전남        9      0.85     147       0.38     20,557,220      0.31          9     0.83     195       0.46     11,689,428      0.14      -43.14

   제주        1      0.09      12       0.03         87,027      0.00          -     0.00        -      0.00               -     0.00     -100.00

  합계      1,060   100.00   39,060    100.00   6,636,574,573   100.00    1,090       100    42,264      100    8,628,513,481     100
(3) 지역별 수입실적 현황
                                                                                                                              (단위 : 개소, 명, USD, %)
                                    2020년                                                           2021년
   지역    업체수                                                           업체수                                                              증감(%)
                  비율(%)    인원(명)    비율(%)     수입액(USD)        비율(%)               비율(%)    인원(명)    비율(%)     수입액(USD)        비율(%)
         (개소)                                                          (개소)

   서울     1,508    53.76   27,105     56.81   3,852,018,375    86.96    1,517      52.02   27,310     53.38   4,416,074,678    82.50       14.64

   인천       63      2.25     618       1.30     13,217,735      0.30      80        2.74     663       1.30     14,672,423      0.27       11.01

 경기북부      199      7.09    2,397      5.02     44,176,264      1.00     220        7.54    2,656      5.19     61,928,717      1.16       40.19

 경기남부      602     21.46    8,330     17.46    211,393,168      4.77     660       22.63    8,792     17.19    537,620,645     10.04      154.32

   강원       45      1.60    2,473      5.18      6,613,262      0.15      50        1.71    2,632      5.14      6,092,319      0.11       -7.88

   대전       56      2.00     714       1.50     10,907,656      0.25      62        2.13     917       1.79      9,797,776      0.18      -10.18

   충북       38      1.35    1,344      2.82    143,004,100      3.23      43        1.47    4,114      8.04    175,057,815      3.27       22.41

   충남       26      0.93    1,399      2.93     18,067,597      0.41      28        0.96    1,082      2.11     17,081,607      0.32       -5.46

   세종        4      0.14      72       0.15     17,085,730      0.39          5     0.17      98       0.19     13,288,588      0.25       -22.22


   대구       80      2.85     963       2.02     11,961,846      0.27      68        2.33     914       1.79     12,333,229      0.23        3.10

   경북       21      0.75     508       1.06     47,285,872      1.07      25        0.86     433       0.85     30,893,170      0.58      -34.67

   부산       83      2.96     949       1.99     28,044,383      0.63      85        2.91     806       1.58     25,258,652      0.47       -9.93

   울산        4      0.14       6       0.01          6,643      0.00          4     0.14       6       0.01      1,740,414      0.03   26099.22

   경남       28      1.00     296       0.62     13,299,646      0.30      24        0.82     308       0.60     17,377,331      0.32       30.66

   광주       31      1.11     210       0.44      4,041,783      0.09      29        0.99     220       0.43      3,849,928      0.07       -4.75

   전북       13      0.46     312       0.65      8,687,312      0.20      14        0.48     206       0.40      9,586,348      0.18       10.35

   전남        4      0.14      12       0.03               -     0.00          2     0.07       2       0.00               -     0.00        0.00

  제주          -     0.00        -      0.00               -     0.00          -     0.00        -      0.00               -     0.00        0.00

  합계      2,805   100.00   47,708    100.00   4,429,811,372   100.00    2,916       100    51,159      100    5,352,653,640     100
7-2. 체외진단 의료기기
(1) 지역별 생산실적 현황
                                                                                                                              (단위 : 개소, 명, 천원, %)
                                    2020년                                                           2021년
   지역    업체수                                                           업체수                                                             증감(%)
                  비율(%)    인원(명)    비율(%)     생산액(천원)         비율(%)               비율(%)    인원(명)    비율(%)     생산액(천원)         비율(%)
         (개소)                                                          (개소)
   서울       85     24.36    2,725     18.70   1,407,634,871    41.96     103       25.06    3,208     20.85   1,203,037,390    27.66      -14.53

   인천       8       2.29     202       1.39     24,289,561      0.72          9     2.19     215       1.40     14,698,811      0.34      -39.49

 경기북부       15      4.30     234       1.61      7,687,397      0.23      15        3.65     229       1.49      7,804,681      0.18        1.53

 경기남부      137     39.26    6,422     44.07    893,657,233     26.64     166       40.39    7,138     46.39   1,274,931,749    29.31      42.66

   강원       16      4.58    1,015      6.97    107,580,559      3.21      18        4.38    1,292      8.40    113,947,509      2.62        5.92

   대전       24      6.88     788       5.41    181,514,988      5.41      28        6.81     927       6.02     97,582,558      2.24      -46.24

   충북       18      5.16     975       6.69    642,961,101     19.16      21        5.11    1,179      7.66   1,522,256,975    34.99     136.76

   충남       11      3.15    1,459     10.01     31,683,349      0.94      12        2.92     388       2.52     44,446,492      1.02      40.28

   세종       2       0.57      32       0.22      1,070,750      0.03          3     0.73      59       0.38      1,008,676      0.02       -5.80

   대구       8       2.29     111       0.76      1,615,750      0.05          9     2.19     127       0.83      1,690,480      0.04        4.63

   경북       6       1.72     104       0.71      3,817,254      0.11          7     1.70     139       0.90      4,532,414      0.10      18.73

   부산       4       1.15      22       0.15        900,982      0.03          5     1.22      29       0.19        812,784      0.02       -9.79

   울산       1       0.29      13       0.09         33,595      0.00          -     0.00        -      0.00               -     0.00    -100.00

   경남       2       0.57      40       0.27      8,986,793      0.27          3     0.73      56       0.36     11,246,684      0.26      25.15

   광주       2       0.57      12       0.08        183,133      0.01          2     0.49      15       0.10        176,087      0.00       -3.85

   전북       4       1.15     327       2.24     33,212,569      0.99          4     0.97     295       1.92     40,958,448      0.94      23.32

   전남       5       1.43      79       0.54      7,937,474      0.24          5     1.22      85       0.55     10,165,342      0.23      28.07

   제주       1       0.29      12       0.08        161,225      0.00          1     0.24       5       0.03        847,511      0.02     425.67

  합계       349    100.00   14,572    100.00   3,354,928,584   100.00     411        100    15,386      100    4,350,144,591     100
(2) 지역별 수출실적 현황
                                                                                                                              (단위 : 개소, 명, USD, %)
                                    2020년                                                           2021년
   지역    업체수                                                           업체수                                                              증감(%)
                  비율(%)    인원(명)    비율(%)     수출액(USD)        비율(%)               비율(%)    인원(명)    비율(%)     수출액(USD)        비율(%)
         (개소)                                                          (개소)
   서울       26     20.31    1,691     24.98    832,070,468     23.32      29       21.17    1,840     24.96    835,724,674     17.97        0.44

   인천       2       1.56     156       2.30     35,489,896      0.99          2     1.46     154       2.09     14,659,102      0.32      -58.69

 경기북부       2       1.56      70       1.03      1,377,748      0.04          3     2.19      82       1.11        961,112      0.02      -30.24

 경기남부       52     40.63    2,266     33.47   1,020,324,883    28.59      55       40.15    2,352     31.90   1,041,674,345    22.40        2.09

   강원       7       5.47     788      11.64    174,640,665      4.89          9     6.57     976      13.24    219,060,581      4.71       25.44

   대전       14     10.94     413       6.10    182,199,714      5.11      14       10.22     444       6.02    130,709,905      2.81      -28.26

   충북       7       5.47     750      11.08   1,254,898,807    35.16          8     5.84     915      12.41   2,334,496,225    50.21       86.03

   충남       3       2.34     122       1.80     32,671,706      0.92          3     2.19     137       1.86     53,489,119      1.15       63.72

   세종       1       0.78      21       0.31        733,196      0.02          1     0.73      14       0.19        811,420      0.02       10.67

   대구       2       1.56       8       0.12      2,048,747      0.06          3     2.19      24       0.33      1,105,845      0.02      -46.02

   경북       4       3.13      85       1.26      2,310,047      0.06          4     2.92      87       1.18      3,382,341      0.07       46.42

   부산       1       0.78       4       0.06               -     0.00          -     0.00        -      0.00               -     0.00        0.00

   울산        -      0.00        -       -                 -     0.00          -     0.00        -      0.00               -     0.00        0.00

   경남       2       1.56      36       0.53      4,629,323      0.13          2     1.46      38       0.52      4,969,265      0.11        7.34

   광주       1       0.78       9       0.13        132,776      0.00          1     0.73       8       0.11        146,821      0.00       10.58

   전북       2       1.56     316       4.67     14,314,564      0.40          2     1.46     283       3.84      7,324,168      0.16      -48.83

   전남       1       0.78      23       0.34     10,727,402      0.30          1     0.73      19       0.26        920,724      0.02      -91.42

   제주       1       0.78      12       0.18         87,027      0.00          -     0.00        -      0.00               -     0.00     -100.00

  합계       128    100.00    6,770    100.00   3,568,656,969   100.00     137        100     7,373      100    4,649,435,647     100
(3) 지역별 수입실적 현황
                                                                                                                            (단위 : 개소, 명, USD, %)
                                    2020년                                                          2021년
   지역    업체수                                                          업체수                                                             증감(%)
                  비율(%)    인원(명)    비율(%)     수입액(USD)       비율(%)               비율(%)    인원(명)    비율(%)     수입액(USD)       비율(%)
         (개소)                                                         (개소)
   서울      216     63.91    5,812     65.11   612,225,971     89.66     214       61.67    6,178     63.48    740,387,920    92.45       20.93

   인천       3       0.89      18       0.20      452,328       0.07          4     1.15      23       0.24       546,835      0.07       20.89

 경기북부       14      4.14     148       1.66     2,144,213      0.31      14        4.03     145       1.49      2,471,899     0.31       15.28

 경기남부       76     22.49    1,295     14.51    24,041,270      3.52      87       25.07    1,534     15.76     50,310,389     6.28      109.27

   강원       3       0.89     311       3.48       70,510       0.01          3     0.86     340       3.49              -     0.00     -100.00

   대전       7       2.07      79       0.88       74,813       0.01          9     2.59     218       2.24       130,267      0.02       74.12

   충북       6       1.78     464       5.20    13,550,395      1.98          6     1.73     630       6.47      6,891,420     0.86      -49.14

   충남       3       0.89     622       6.97       10,235       0.00          2     0.58     578       5.94        13,728      0.00       34.13

   세종       1       0.30      18       0.20              -     0.00          1     0.29      30       0.31              -     0.00        0.00

   대구       4       1.18      26       0.29       53,906       0.01          3     0.86      39       0.40        74,265      0.01       37.77

   경북       1       0.30     117       1.31    30,118,741      4.41          -     0.00        -      0.00              -     0.00     -100.00

   부산       1       0.30       8       0.09       40,024       0.01          1     0.29       6       0.06        33,636      0.00      -15.96

   울산        -      0.00        -      0.00              -     0.00          -     0.00        -      0.00              -     0.00        0.00

   경남       1       0.30       5       0.06              -     0.00          1     0.29       7       0.07              -     0.00        0.00

   광주       2       0.59       4       0.04       19,000       0.00          2     0.58       4       0.04        32,864      0.00       72.97

   전북        -      0.00        -      0.00              -     0.00          -     0.00        -      0.00              -     0.00        0.00

   전남        -      0.00        -      0.00              -     0.00          -     0.00        -      0.00              -     0.00        0.00

  제주         -      0.00        -      0.00              -     0.00          -     0.00        -      0.00              -     0.00        0.00

  합계       338    100.00    8,927    100.00   682,801,406    100.00     347        100     9,732      100     800,893,223     100