7. 지역별 생산 및 수출입실적 현황
(1) 지역별 생산실적 현황
(단위 : 개소, %, 개, 천원, 명)
지역  2015년  2016년  증감(%)
업체수  비율(%)  인원(명)  비율(%)  생산액(천원)  비율(%)  업체수  비율(%)  인원(명)  비율(%)  생산액(천원)  비율(%)
서울  693  23.16  7,839  16.40  609,303,359  12.18  668  22.70  8,364  16.01  673,424,513  12.02  10.52
인천  129  4.31  1,435  3.00  81,643,776  1.63  123  4.18  1,457  2.79  75,255,551  1.34  -7.82
경기북부  208  6.95  2,732  5.72  217,567,444  4.35  200  6.80  2,722  5.21  234,354,063  4.18  7.72
경기남부  942  31.48  15,456  32.33  1,704,064,588  34.07  932  31.67  17,869  34.20  1,858,521,640  33.17  9.06
강원  140  4.68  4,521  9.46  549,300,739  10.98  137  4.66  4,716  9.03  609,815,551  10.88  11.02
충남  92  3.07  2,532  5.30  228,236,843  4.56  87  2.96  2,430  4.65  216,768,774  3.87  -5.02
충북  117  3.91  2,953  6.18  280,929,422  5.62  114  3.87  3,332  6.38  335,732,935  5.99  19.51
대전  112  3.74  2,201  4.60  179,111,428  3.58  110  3.74  2,300  4.40  195,433,473  3.49  9.11
대구  144  4.81  1,918  4.01  162,802,128  3.25  159  5.40  2,262  4.33  160,399,540  2.86  -1.48
부산  129  4.31  1,716  3.59  571,510,691  11.43  131  4.45  1,822  3.49  753,492,708  13.45  31.84
울산  8  0.27  65  0.14  4,892,532  0.10  9  0.31  75  0.14  4,217,069  0.08  -13.81
경남  61  2.04  822  1.72  76,248,474  1.52  64  2.17  945  1.81  80,767,292  1.44  5.93
경북  62  2.07  1,951  4.08  212,036,916  4.24  60  2.04  1,942  3.72  264,875,909  4.73  24.92
전남  18  0.60  141  0.29  8,919,745  0.18  20  0.68  190  0.36  13,340,066  0.24  49.56
전북  47  1.57  515  1.08  46,805,423  0.94  40  1.36  534  1.02  45,905,710  0.82  -1.92
광주  80  2.67  918  1.92  65,205,197  1.30  80  2.72  1,143  2.19  77,863,749  1.39  19.41
제주  7  0.23  68  0.14  2,451,970  0.05  5  0.17  81  0.16  2,524,401  0.05  2.95
세종  3  0.10  19  0.04  587,389  0.01  4  0.14  69  0.13  370,898  0.01  -36.86
합계  2,992  100  47,802  100  5,001,618,064  100  2,943  100  52,253  100  5,603,063,842  100  12.03
(2) 지역별 수출실적 현황
(단위 : 개소, %, 개, USD, 명)
지역  2015년  2016년  증감(%)
업체수  비율(%)  인원(명)  비율(%)  수출액(USD)  비율(%)  업체수  비율(%)  인원(명)  비율(%)  수출액(USD)  비율(%)
서울  169  19.91  3,474  13.44  272,221,348  10.04  182  20.54  3,652  13.02  279,077,573  9.56  2.52
인천  35  4.12  643  2.49  30,189,370  1.11  30  3.39  544  1.94  31,708,451  1.09  5.03
경기북부  53  6.24  1,448  5.60  93,458,119  3.45  54  6.09  1,476  5.26  95,010,942  3.26  1.66
경기남부  297  34.98  8,983  34.75  1,157,586,757  42.70  299  33.75  9,662  34.45  1,235,037,605  42.32  6.69
강원  50  5.89  2,991  11.57  407,172,036  15.02  59  6.66  3,347  11.93  434,914,060  14.90  6.81
충남  30  3.53  1,548  5.99  164,723,187  6.08  34  3.84  1,757  6.26  160,311,286  5.49  -2.68
충북  35  4.12  1,493  5.78  104,774,938  3.87  36  4.06  1,730  6.17  132,750,229  4.55  26.70
대전  42  4.95  1,194  4.62  92,482,496  3.41  38  4.29  1,061  3.78  76,017,311  2.60  -17.80
대구  39  4.59  1,026  3.97  70,828,672  2.61  43  4.85  1,220  4.35  67,244,926  2.30  -5.06
부산  27  3.18  995  3.85  83,541,756  3.08  30  3.39  1,128  4.02  95,177,458  3.26  13.93
울산  4  0.47  47  0.18  2,617,628  0.10  3  0.34  49  0.17  2,312,204  0.08  -11.67
경남  14  1.65  318  1.23  30,031,054  1.11  22  2.48  473  1.69  33,223,095  1.14  10.63
경북  16  1.88  994  3.84  156,406,947  5.77  15  1.69  930  3.32  185,438,284  6.35  18.56
전남  6  0.71  71  0.27  3,993,904  0.15  8  0.90  104  0.37  7,524,664  0.26  88.40
전북  14  1.65  196  0.76  12,196,700  0.45  15  1.69  310  1.11  43,659,899  1.50  257.96
광주  18  2.12  431  1.67  28,489,978  1.05  18  2.03  606  2.16  39,115,340  1.34  37.30
제주  0  0  0  0  0  0  0  0  0  0  0  0  0
세종  0  0  0  0  0  0  0  0  0  0  0  0  0
합계  849  100  25,852  100  2,710,714,890  100  886  100  28,049  100  2,918,523,327  100  7.67
(3) 지역별 수입실적 현황
(단위 : 개소, %, 개, USD, 명)
지역  2015년  2016년  증감(%)
업체수  비율(%)  인원(명)  비율(%)  수입액(USD)  비율(%)  업체수  비율(%)  인원(명)  비율(%)  수입액(USD)  비율(%)
서울  1,439  62.35  14,310  62.83  2,612,713,885  88.75  1,246  59.96  16,059  62.65  2,813,373,907  89.27  7.68
인천  38  1.65  207  0.91  6,370,237  0.22  36  1.73  225  0.88  8,282,653  0.26  30.02
경기북부  130  5.63  1,303  5.72  20,561,769  5.41  119  5.73  1,599  6.24  22,891,196  0.73  11.33
경기남부  399  17.29  3,440  15.10  159,359,244  0.70  363  17.47  3,899  15.21  152,472,076  4.84  -4.32
강원  30  1.30  772  3.39  5,639,137  0.19  30  1.44  687  2.68  5,588,030  0.18  -0.91
충남  15  0.65  125  0.55  11,234,711  0.38  14  0.67  324  1.26  11,471,443  0.36  2.11
충북  30  1.30  825  3.62  30,163,148  1.02  29  1.40  741  2.89  37,399,101  1.19  23.99
대전  51  2.21  478  2.10  23,120,408  0.79  46  2.21  446  1.74  21,829,355  0.69  -5.58
대구  54  2.34  445  1.95  7,633,884  0.26  61  2.94  587  2.29  8,891,667  0.28  16.48
부산  63  2.73  308  1.35  28,660,686  0.97  65  3.13  379  1.48  26,432,899  0.84  -7.77
울산  1  0.04  3  0.01  0  0  2  0.10  15  0.06  42,192  0.00  -
경남  13  0.56  165  0.72  16,219,758  0.55  13  0.63  192  0.75  15,746,474  0.50  -2.92
경북  12  0.52  239  1.05  7,677,670  0.26  13  0.63  145  0.57  8,444,091  0.27  9.98
전남  1  0.04  1  0.00  63,503  0.00  2  0.10  12  0.05  56,976  0.00  -10.28
전북  13  0.56  111  0.49  13,731,699  0.47  13  0.63  191  0.75  15,262,253  0.48  11.15
광주  18  0.78  43  0.19  887,287  0.03  24  1.15  120  0.47  3,181,017  0.10  258.51
제주  0  0  0  0  0  0  0  0  0  0  0  0
세종  1  0.04  2  0.01  19,360  0.00  2  0.10  11  0.04  1,328  0.00  -93.14
합계  2,308  100  22,777  100  2,944,056,386  100  2,078  100  25,632  100  3,151,366,658  100  7.04