7. 지역별 생산 및 수출입실적 현황
(1) 지역별 생산실적 현황
(단위 : 개소, 명, 천원, %)
지역  2018년  2019년  증감(%)
업체수 (개소)  비율(%)  인원(명)  비율(%)  생산액(천원)  비율(%)  업체수 (개소)  비율(%)  인원(명)  비율(%)  생산액(천원)  비율(%)
서울  827  24.15  12,391  20.16  817,215,885  12.55  826  23.14  10,281  15.95  741,632,687  10.19  -9.25
인천  143  4.18  1,576  2.56  93,401,238  1.43  146  4.09  1,729  2.68  120,973,879  1.66  29.52
경기북부  256  7.47  3,185  5.18  276,891,344  4.25  268  7.51  3,178  4.93  305,274,890  4.19  10.25
경기남부  1,042  30.42  20,662  33.62  2,191,486,616  33.66  1,124  31.48  23,126  35.87  2,402,332,357  33.00  9.62
강원  164  4.79  5,277  8.59  684,417,576  10.51  161  4.51  4,903  7.61  703,190,800  9.66  2.74
대전  127  3.71  2,212  3.60  143,252,366  2.20  129  3.61  2,754  4.27  238,338,636  3.27  66.38
충북  121  3.53  3,083  5.02  356,518,705  5.48  135  3.78  3,860  5.99  456,335,101  6.27  28.00
충남  94  2.74  2,653  4.32  207,386,293  3.19  98  2.75  3,093  4.80  255,471,231  3.51  23.19
세종  10  0.29  202  0.33  9,405,704  0.14  10  0.28  637  0.99  356,236  0.00  -96.21
대구  179  5.23  2,406  3.91  194,741,546  2.99  196  5.49  2,854  4.43  294,683,881  4.05  51.32
경북  79  2.31  1,976  3.21  253,684,984  3.90  83  2.32  1,988  3.08  258,955,911  3.56  2.08
부산  136  3.97  2,327  3.79  1,014,011,509  15.57  139  3.89  2,491  3.86  1,197,498,770  16.45  18.10
울산  11  0.32  113  0.18  7,319,640  0.11  17  0.48  167  0.26  8,791,201  0.12  20.10
경남  74  2.16  1,150  1.87  82,833,752  1.27  77  2.16  1,126  1.75  93,083,026  1.28  12.37
광주  85  2.48  1,214  1.98  95,142,370  1.46  81  2.27  1,225  1.90  114,549,068  1.57  20.40
전북  48  1.40  674  1.10  64,218,279  0.99  51  1.43  651  1.01  62,301,082  0.86  -2.99
전남  22  0.64  227  0.37  17,297,460  0.27  22  0.62  267  0.41  23,350,578  0.32  34.99
제주  7  0.20  136  0.22  1,909,520  0.03  7  0.20  140  0.22  2,264,890  0.03  18.61
합계  3,425  100.00  61,464  100.00  6,511,134,787  100.00  3,570  100  64,470  100  7,279,384,224  100  11.80
(2) 지역별 수출실적 현황
(단위 : 개소, 명, USD, %)
지역  2018년  2019년  증감(%)
업체수 (개소)  비율(%)  인원(명)  비율(%)  수출액(USD)  비율(%)  업체수 (개소)  비율(%)  인원(명)  비율(%)  수출액(USD)  비율(%)
서울  212  21.65  5,075  15.99  363,355,894  10.06  190  18.94  3,865  11.08  335,252,551  9.04  -7.73
인천  30  3.06  594  1.87  35,264,304  0.98  32  3.19  809  2.32  37,601,910  1.01  6.63
경기북부  60  6.13  1,889  5.95  112,305,145  3.11  56  5.58  1,536  4.40  119,636,980  3.22  6.53
경기남부  329  33.61  10,497  33.08  1,599,563,062  44.31  363  36.19  11,837  33.94  1,577,549,787  42.52  -1.38
강원  66  6.74  3,499  11.03  521,153,176  14.44  59  5.88  3,600  10.32  516,344,175  13.92  -0.92
대전  47  4.80  1,312  4.13  71,441,746  1.98  47  4.69  1,708  4.90  102,134,027  2.75  42.96
충북  37  3.78  1,841  5.80  172,897,036  4.79  43  4.29  2,503  7.18  197,243,852  5.32  14.08
충남  30  3.06  1,474  4.65  181,913,358  5.04  38  3.79  2,522  7.23  179,329,062  4.83  -1.42
세종  4  0.41  115  0.36  3,471,734  0.10  1  0.10  13  0.04  200,956  0.01  -94.21
대구  43  4.39  1,282  4.04  83,497,666  2.31  51  5.08  1,763  5.06  142,574,122  3.84  70.75
경북  21  2.15  1,076  3.39  177,482,096  4.92  23  2.29  1,175  3.37  190,969,501  5.15  7.60
부산  30  3.06  1,501  4.73  130,659,296  3.62  31  3.09  1,666  4.78  154,878,053  4.17  18.54
울산  3  0.31  59  0.19  2,279,670  0.06  2  0.20  21  0.06  2,202,378  0.06  -3.39
경남  19  1.94  339  1.07  34,386,996  0.95  19  1.89  328  0.94  33,378,524  0.90  -2.93
광주  25  2.55  539  1.70  31,928,875  0.88  27  2.69  874  2.51  45,076,047  1.22  41.18
전북  15  1.53  481  1.52  79,627,307  2.21  12  1.20  381  1.09  66,289,872  1.79  -16.75
전남  8  0.82  159  0.50  8,986,472  0.25  8  0.80  152  0.44  9,257,713  0.25  3.02
제주  0  0  0  0  0  0  1  0.10  123  0.35  9,857  0.00  100
합계  979  100.00  31,732  100  3,610,213,833  100.00  1,003  100  34,876  100  3,709,929,367  100  2.76
(3) 지역별 수입실적 현황
(단위 : 개소, 명, USD, %)
지역  2018년  2019년  증감(%)
업체수 (개소)  비율(%)  인원(명)  비율(%)  수입액(USD)  비율(%)  업체수 (개소)  비율(%)  인원(명)  비율(%)  수입액(USD)  비율(%)
서울  1,364  56.53  19,638  56.34  3,495,731,158  89.89  1,366  54.47  20,196  53.30  3,768,687,692  90.60  7.81
인천  48  1.99  303  0.87  8,091,722  0.21  46  1.83  368  0.97  9,481,750  0.23  17.18
경기북부  174  7.21  2,165  6.21  31,884,638  0.82  193  7.70  2,164  5.71  37,714,306  0.91  18.28
경기남부  465  19.27  6,478  18.58  196,933,816  5.06  512  20.41  7,405  19.54  192,541,698  4.63  -2.23
강원  45  1.86  1,948  5.59  6,460,085  0.17  46  1.83  2,232  5.89  5,612,017  0.13  -13.13
대전  50  2.07  637  1.83  9,937,939  0.26  53  2.11  939  2.48  10,650,987  0.26  7.18
충북  33  1.37  669  1.92  46,746,825  1.20  36  1.44  870  2.30  40,960,645  0.98  -12.38
충남  18  0.75  586  1.68  15,899,156  0.41  17  0.68  721  1.90  18,764,445  0.45  18.02
세종  1  0.04  26  0.07  17,230  0.00  2  0.08  14  0.04  31,856  0.00  84.89
대구  60  2.49  777  2.23  10,812,599  0.28  66  2.63  909  2.40  8,485,857  0.20  -21.52
경북  18  0.75  367  1.05  7,926,103  0.20  21  0.84  428  1.13  10,245,111  0.25  29.26
부산  74  3.07  488  1.40  22,306,585  0.57  80  3.19  813  2.15  19,820,451  0.48  -11.15
울산  1  0.04  33  0.09  0  0  3  0.12  6  0.02  32,430  0.00  100
경남  15  0.62  271  0.78  15,061,205  0.39  21  0.84  334  0.88  14,148,252  0.34  -6.06
광주  27  1.12  131  0.38  2,079,785  0.05  28  1.12  173  0.46  2,852,318  0.07  37.14
전북  17  0.70  293  0.84  19,012,289  0.49  15  0.60  296  0.78  19,844,648  0.48  4.38
전남  3  0.12  48  0.14  90,645  0.00  3  0.12  25  0.07  40,697  0.00  -55.10
제주  0  0  0  0  0  0  0  0  0  0  0  0
합계  2,413  100.00  34,858  100.00  3,888,991,780  100.00  2,508  100  37,893  100  4,159,915,160  100  6.97