7. 지역별 생산 및 수출입실적 현황
7-1. 의료기기 전체(체외진단 의료기기 포함)
(1) 지역별 생산실적 현황
                                                                                                                                    (단위 : 개소, 명, 천원, %)
                                       2023년                                                             2024년
   지역     업체수                                                              업체수                                                                증감(%)
                     비율(%)    인원(명)    비율(%)     생산액(천원)          비율(%)               비율(%)     인원(명)    비율(%)     생산액(천원)          비율(%)
          (개소)                                                             (개소)

   서울       917       21.71   16,200     18.10    1,313,628,409    11.61     960        22.09   17,026     18.55    1,222,413,976     10.70      -6.94

   인천       184        4.36    2,249      2.51     155,420,246      1.37     198         4.56    2,499      2.72     222,201,357       1.94      42.97

 경기북부       315        7.46    4,166      4.66     408,164,047      3.61     334         7.69    4,212      4.59     410,532,815       3.59       0.58

 경기남부      1451       34.36   31,604     35.32    3,175,438,930    28.06    1,484       34.15   31,554     34.37    3,142,705,605     27.50      -1.03

   강원       182        4.31    6,737      7.53    1,012,188,019     8.95     188         4.33    7,493      8.16    1,065,715,824      9.33       5.29

   대전       157        3.72    4,042      4.52     441,623,299      3.90     155         3.57    3,813      4.15     361,596,873       3.16     -18.12

   충북       151        3.58    6,410      7.16     803,182,158      7.10     156         3.59    6,795      7.40     706,149,350       6.18     -12.08

   충남       117        2.77    3,757      4.20     355,934,402      3.15     120         2.76    3,821      4.16     351,742,293       3.08      -1.18

   세종        23        0.54     773       0.86        7,260,877     0.06      23         0.53     833       0.91      21,563,897       0.19    196.99

   대구       187        4.43    3,804      4.25     602,676,189      5.33     184         4.23    3,773      4.11     743,085,430       6.50      23.30

   경북        94        2.23    2,457      2.75     347,485,687      3.07      91         2.09    2,516      2.74     336,062,675       2.94      -3.29

   부산       155        3.67    2,856      3.19    2,325,804,548    20.56     159         3.66    3,011      3.28    2,472,280,562     21.64       6.30

   울산        16        0.38     156       0.17        8,543,161     0.08      14         0.32     115       0.13        9,617,233      0.08      12.57

   경남        97        2.30    1,311      1.47      85,461,075      0.76      95         2.19    1,294      1.41      85,688,645       0.75       0.27

   광주        90        2.13    1,449      1.62     155,816,662      1.38      93         2.14    1,436      1.56     153,383,933       1.34      -1.56

   전북        48        1.14     827       0.92      64,213,461      0.57      50         1.15     826       0.90      66,499,074       0.58       3.56

   전남        32        0.76     504       0.56      33,310,600      0.29      35         0.81     597       0.65      32,622,092       0.29      -2.07

   제주            7     0.17     185       0.21      18,599,497      0.16          7      0.16     187       0.20      22,844,616       0.20      22.82

  합계       4,223     100.00   89,487    100.00   11,314,751,267     100     4,346       100     91,801     100     11,426,706,250     100         0.99
(2) 지역별 수출실적 현황
                                                                                                                                  (단위 : 개소, 명, USD, %)
                                       2023년                                                            2024년
   지역     업체수                                                             업체수                                                               증감(%)
                     비율(%)    인원(명)    비율(%)     수출액(USD)        비율(%)               비율(%)     인원(명)    비율(%)     수출액(USD)        비율(%)
          (개소)                                                            (개소)

   서울       203       18.69    7,044     14.75     733,246,928    14.15     221        19.57    7,478     14.18     674,071,887     12.83      -8.07

   인천        37        3.41    1,049      2.20      43,815,913     0.85      35         3.10    1,284      2.43      59,077,099      1.12      34.83

 경기북부        52        4.79    1,813      3.80     195,147,391     3.76      58         5.14    1,944      3.69     187,234,281      3.56      -4.05

 경기남부       417       38.40   16,336     34.21   1,948,214,007    37.58     420        37.20   17,380     32.95   1,909,817,492     36.34      -1.97

   강원        64        5.89    4,571      9.57     694,126,302    13.39      65         5.76    5,691     10.79     747,204,623     14.22       7.65

   대전        52        4.79    2,316      4.85     122,335,229     2.36      54         4.78    2,256      4.28     143,471,212      2.73      17.28

   충북        40        3.68    3,953      8.28     338,186,712     6.52      45         3.99    4,687      8.89     330,774,338      6.29      -2.19

   충남        42        3.87    2,905      6.08     161,250,222     3.11      43         3.81    2,846      5.40     183,691,646      3.50      13.92

   세종            2     0.18      11       0.02         40,160      0.00          5      0.44      79       0.15       1,631,989      0.03   3,963.72

   대구        53        4.88    2,759      5.78     235,688,836     4.55      57         5.05    2,882      5.46     285,677,261      5.44      21.21

   경북        21        1.93    1,404      2.94     224,788,111     4.34      20         1.77    1,801      3.41     223,225,130      4.25      -0.70

   부산        30        2.76    1,485      3.11     355,436,718     6.86      32         2.83    2,042      3.87     389,671,025      7.42       9.63

   울산            1     0.09      21       0.04       1,123,279     0.02          1      0.09      19       0.04       1,874,328      0.04      66.86

   경남        22        2.03     349       0.73      36,269,138     0.70      22         1.95     531       1.01      30,283,853      0.58     -16.50

   광주        28        2.58     959       2.01      48,904,302     0.94      28         2.48    1,028      1.95      46,341,651      0.88      -5.24

   전북        12        1.10     377       0.79      34,496,634     0.67      10         0.89     344       0.65      30,426,586      0.58     -11.80

   전남            9     0.83     227       0.48      10,703,728     0.21      12         1.06     275       0.52      10,617,488      0.20      -0.81

   제주            1     0.09     169       0.35           4,537     0.00          1      0.09     173       0.33         20,746       0.00     357.26

  합계       1,086     100.00   47,748    100.00   5,183,778,147     100     1,129       100     52,740     100     5,255,112,635     100          1.38
(3) 지역별 수입실적 현황
                                                                                                                                  (단위 : 개소, 명, USD, %)
                                       2023년                                                            2024년
   지역     업체수                                                             업체수                                                               증감(%)
                     비율(%)    인원(명)    비율(%)     수입액(USD)        비율(%)               비율(%)     인원(명)    비율(%)     수입액(USD)        비율(%)
          (개소)                                                            (개소)

   서울      1,497      50.52   27,776     50.10   4,204,959,281    88.83    1,487       48.63   28,967     49.15   4,085,944,163     88.66      -2.83

   인천        86        2.90     703       1.27      21,189,232     0.45     101         3.30     821       1.39      19,992,049      0.43      -5.65

 경기북부       227        7.66    2,542      4.59      56,371,830     1.19     240         7.85    2,691      4.57      58,961,345      1.28       4.59

 경기남부       710       23.96   11,338     20.45     285,703,730     6.04     757        24.75   12,107     20.54     286,595,586      6.22       0.31

   강원        49        1.65    3,050      5.50       9,767,881     0.21      52         1.70    3,797      6.44       7,791,156      0.17     -20.24

   대전        58        1.96    1,019      1.84      10,014,644     0.21      65         2.13    1,038      1.76       8,956,730      0.19     -10.56

   충북        42        1.42    5,005      9.03      29,809,545     0.63      43         1.41    5,644      9.58      27,177,979      0.59      -8.83

   충남        34        1.15    1,020      1.84      22,236,660     0.47      36         1.18     942       1.60      18,863,164      0.41     -15.17

   세종            7     0.24      50       0.09        107,795      0.00      11         0.36      62       0.11        565,130       0.01     424.26

   대구        66        2.23     945       1.70       7,761,025     0.16      68         2.22     950       1.61      12,091,278      0.26      55.79

   경북        22        0.74     207       0.37      32,095,294     0.68      24         0.78     194       0.33      25,906,969      0.56     -19.28

   부산        85        2.87     793       1.43      23,730,091     0.50      95         3.11     786       1.33      23,297,127      0.51      -1.82

   울산            3     0.10      36       0.06         18,963      0.00          5      0.16      36       0.06         20,382       0.00       7.48

   경남        33        1.11     298       0.54      15,009,487     0.32      34         1.11     259       0.44      16,447,177      0.36       9.58

   광주        28        0.94     180       0.32       5,780,491     0.12      22         0.72     167       0.28       6,671,168      0.14      15.41

   전북        13        0.44     381       0.69       9,123,191     0.19      12         0.39     379       0.64       9,140,757      0.20       0.19

   전남            3     0.10      95       0.17         22,839      0.00          5      0.16      98       0.17         36,872       0.00      61.44

  제주             -     0.00        -      0.00               -     0.00          1      0.03       1       0.00               -      0.00       0.00

  합계       2,963     100.00   55,438    100.00   4,733,701,979     100     3,058       100     58,939     100     4,608,459,032     100        -2.65
7-2. 체외진단 의료기기
(1) 지역별 생산실적 현황
                                                                                                                                  (단위 : 개소, 명, 천원, %)
                                       2023년                                                            2024년
   지역     업체수                                                             업체수                                                               증감(%)
                     비율(%)    인원(명)    비율(%)     생산액(천원)         비율(%)               비율(%)     인원(명)    비율(%)     생산액(천원)         비율(%)
          (개소)                                                            (개소)
   서울       112       23.98    3,219     22.40     339,357,659    28.65     116        24.79    3,220     22.86     300,096,934     30.09     -11.57

   인천        15        3.21     404       2.81      17,808,879     1.50      18         3.85     464       3.29      59,494,883      5.97     234.07

 경기북부        18        3.85     223       1.55      19,232,229     1.62      19         4.06     211       1.50      14,569,898      1.46     -24.24

 경기남부       193       41.33    6,446     44.86     352,956,520    29.80     187        39.96    6,268     44.50     291,079,597     29.19     -17.53

   강원        21        4.50    1,069      7.44     127,997,563    10.81      23         4.91    1,090      7.74      89,286,106      8.95     -30.24

   대전        31        6.64     980       6.82      20,567,872     1.74      30         6.41     776       5.51      17,764,127      1.78     -13.63

   충북        21        4.50    1,091      7.59     273,198,066    23.07      23         4.91    1,170      8.31     184,601,730     18.51     -32.43

   충남        14        3.00     319       2.22      13,054,345     1.10      12         2.56     320       2.27      13,611,884      1.36       4.27

   세종            3     0.64      43       0.30        164,442      0.01          3      0.64      43       0.31        240,094       0.02      46.01

   대구            6     1.28      98       0.68        129,990      0.01          5      1.07      66       0.47        277,135       0.03     113.20

   경북            9     1.93     123       0.86        516,449      0.04          9      1.92     118       0.84        225,607       0.02     -56.32

   부산            5     1.07      33       0.23        904,497      0.08          6      1.28      42       0.30       1,336,778      0.13      47.79

   울산            2     0.43      14       0.10         74,880      0.01          1      0.21       8       0.06               -      0.00    -100.00

   경남            4     0.86      60       0.42       9,682,867     0.82          4      0.85      57       0.40       9,671,048      0.97      -0.12

   광주            3     0.64      24       0.17        237,704      0.02          4      0.85      31       0.22        212,908       0.02     -10.43

   전북            3     0.64      94       0.65       7,447,924     0.63          2      0.43      88       0.62      13,289,216      1.33      78.43

   전남            6     1.28     121       0.84        959,147      0.08          6      1.28     112       0.80       1,591,510      0.16      65.93

   제주            1     0.21       7       0.05         22,000      0.00          -      0.00        -      0.00               -      0.00    -100.00

  합계        467      100.00   14,368    100.00   1,184,313,033     100      468        100     14,084     100       997,349,455     100       -15.79



(2) 지역별 수출실적 현황
                                                                                                                                  (단위 : 개소, 명, USD, %)
                                       2023년                                                            2024년
   지역     업체수                                                             업체수                                                               증감(%)
                     비율(%)    인원(명)    비율(%)     수출액(USD)        비율(%)               비율(%)     인원(명)    비율(%)     수출액(USD)        비율(%)
          (개소)                                                            (개소)
   서울        24       21.24    2,019     26.79     162,822,169    18.92      27        22.13    1,427     19.78     167,031,792     24.00       2.59

   인천            3     2.65     238       3.16      10,963,373     1.27          4      3.28     323       4.48      21,216,637      3.05      93.52

 경기북부            3     2.65      64       0.85       2,251,510     0.26          3      2.46      66       0.91       1,911,668      0.27     -15.09

 경기남부        48       42.48    2,785     36.96     349,657,612    40.64      53        43.44    2,904     40.26     203,991,445     29.31     -41.66

   강원            5     4.42     801      10.63     154,193,075    17.92          4      3.28     800      11.09     142,599,558     20.49      -7.52

   대전        13       11.50     444       5.89       7,558,671     0.88      15        12.30     443       6.14       9,606,130      1.38      27.09

   충북            7     6.19     911      12.09     158,274,362    18.40          6      4.92     931      12.91     132,775,718     19.07     -16.11

   충남            3     2.65     125       1.66       3,203,567     0.37          2      1.64     149       2.07       3,553,958      0.51      10.94

   세종            -     0.00        -       -                 -     0.00          -      0.00        -      0.00               -      0.00            -

   대구            1     0.88       6       0.08         12,900      0.00          2      1.64      19       0.26         68,368       0.01     429.98

   경북            1     0.88       3       0.04         34,911      0.00          1      0.82       3       0.04         62,000       0.01      77.59

   부산            -     0.00        -       -                 -     0.00          1      0.82      13       0.18        522,500       0.08            -

   울산            -     0.00        -       -                 -     0.00          -      0.00        -      0.00               -      0.00            -

   경남            2     1.77      37       0.49       5,969,470     0.69          1      0.82      34       0.47       5,388,692      0.77      -9.73

   광주            1     0.88       9       0.12        104,250      0.01          1      0.82       8       0.11        144,110       0.02      38.24

   전북            1     0.88      86       1.14       5,094,173     0.59          1      0.82      83       1.15       6,874,772      0.99      34.95

   전남            1     0.88       8       0.11        239,200      0.03          1      0.82      11       0.15        326,165       0.05      36.36

   제주            -     0.00        -       -                 -     0.00          -      0.00        -      0.00               -      0.00            -

  합계        113      100.00    7,536    100.00     860,379,243     100      122        100      7,214     100       696,073,513     100       -19.10
(3) 지역별 수입실적 현황
                                                                                                                                  (단위 : 개소, 명, USD, %)
                                       2023년                                                            2024년
   지역     업체수                                                             업체수                                                               증감(%)
                     비율(%)    인원(명)    비율(%)     수입액(USD)        비율(%)               비율(%)     인원(명)    비율(%)     수입액(USD)        비율(%)
          (개소)                                                            (개소)
   서울       209       57.10    6,516     62.61     696,068,528    91.70     202        55.34    6,800     61.04     614,136,795     90.97     -11.77

   인천            5     1.37      35       0.34        675,403      0.09          7      1.92      51       0.46        655,188       0.10      -2.99

 경기북부        17        4.64     144       1.38       2,554,010     0.34      20         5.48     139       1.25       2,733,777      0.40       7.04

 경기남부       103       28.14    1,794     17.24      55,594,274     7.32     104        28.49    1,851     16.62      53,465,839      7.92      -3.83

   강원            3     0.82     296       2.84               -     0.00          4      1.10     794       7.13         64,926       0.01            -

   대전            8     2.19     181       1.74        435,608      0.06          8      2.19     131       1.18        316,138       0.05     -27.43

   충북            6     1.64     803       7.72       3,429,765     0.45          5      1.37     813       7.30       3,402,360      0.50      -0.80

   충남            2     0.55     579       5.56               -     0.00          2      0.55     479       4.30               -      0.00            -

   세종            1     0.27       4       0.04               -     0.00          1      0.27       4       0.04         82,740       0.01            -

   대구            4     1.09      20       0.19        243,006      0.03          4      1.10      32       0.29        240,995       0.04      -0.83

   경북            -     0.00        -      0.00               -     0.00          -      0.00        -      0.00               -      0.00            -

   부산            1     0.27       7       0.07         12,450      0.00          2      0.55      12       0.11         11,605       0.00            -

   울산            -     0.00        -      0.00               -     0.00          -      0.00        -      0.00               -      0.00            -

   경남            2     0.55      20       0.19            440      0.00          2      0.55      19       0.17           3,520      0.00     700.00

   광주            4     1.09       7       0.07         32,953      0.00          2      0.55       3       0.03           4,290      0.00     -86.98

   전북            1     0.27       1       0.01               -     0.00          1      0.27       1       0.01               -      0.00            -

   전남            -     0.00        -      0.00               -     0.00          1      0.27      11       0.10               -      0.00            -

  제주             -     0.00        -      0.00               -     0.00          -      0.00        -      0.00               -      0.00            -

  합계        366      100.00   10,407    100.00     759,046,437     100      365        100     11,140     100       675,118,173     100       -11.06